800 2.0 13.640 5.800
810 2.0 12.090 5.750
820 2.0 11.370 5.800
830 2.0 10.310 5.970
840 2.0 9.570 6.240
850 2.0 8.730 6.340
860 2.0 7.940 6.500
870 2.0 7.170 6.620
880 2.0 8.029 7.000
890 2.0 7.774 6.864
900 2.0 8.840 6.310
910 2.0 7.725 8.648
920 2.0 7.372 7.826
930 2.0 9.051 6.662
940 2.0 7.407 7.936
950 2.0 6.321 8.951
960 2.0 4.165 9.473
970 2.0 6.006 8.399
980 2.0 3.156 10.148
990 2.0 4.585 9.557
830 3.0 12.490 6.600
840 3.0 11.940 6.770
850 3.0 11.030 6.840
860 3.0 10.210 6.810
870 3.0 9.360 6.850
880 3.0 8.590 6.850
890 3.0 7.780 6.840
900 3.0 6.960 6.840
910 3.0 7.220 7.738
920 3.0 7.054 7.606
930 3.0 6.174 8.648
940 3.0 5.875 8.198
950 3.0 6.564 7.909
960 3.0 4.877 8.912
970 3.0 6.216 7.728
980 3.0 3.563 11.067
990 3.0 4.738 9.717
1000 3.0 6.354 8.699
1010 3.0 5.297 10.328
1020 3.0 9.183 7.331
1050 11.0 12.510 6.190
1060 11.0 11.540 6.030
1070 11.0 10.960 5.970
1080 11.0 10.290 6.120
1090 11.0 9.880 6.210
1100 11.0 9.540 6.090
1110 11.0 8.870 5.990
1120 11.0 8.040 5.660
1130 11.0 8.956 6.310
1140 11.0 8.146 6.323
1150 11.0 8.171 6.185
1160 11.0 7.454 6.615
1170 11.0 6.487 7.382
1180 11.0 6.176 5.344
1190 11.0 7.402 6.220
1200 11.0 8.576 5.676
1210 11.0 8.221 4.386
1220 11.0 8.140 5.193
1230 11.0 5.141 9.231
1240 11.0 4.604 8.641
1050 12.0 12.090 6.950
1060 12.0 11.400 6.930
1070 12.0 10.700 6.870
1080 12.0 10.070 6.730
1090 12.0 9.450 6.510
1100 12.0 8.900 6.330
1110 12.0 8.210 6.230
1120 12.0 7.490 6.060
1130 12.0 8.190 6.524
1140 12.0 8.335 7.122
1150 12.0 7.118 7.160
1160 12.0 10.260 5.986
1170 12.0 9.039 6.179
1180 12.0 8.474 6.678
1190 12.0 8.979 4.530
1200 12.0 6.098 8.573
1210 12.0 7.707 5.487
1220 12.0 5.459 8.099
1230 12.0 6.741 6.609
1240 12.0 6.019 7.101
2860 51.0 7.050 8.440
2870 51.0 7.050 8.440
2880 51.0 7.050 8.440
2890 51.0 7.050 8.440
2900 51.0 7.050 8.440
2910 51.0 7.050 8.440
2920 51.0 7.050 8.440
2930 51.0 7.050 8.440
2940 51.0 6.991 8.356
2950 51.0 6.932 8.368
2960 51.0 6.991 8.346
2970 51.0 7.029 8.359
2980 51.0 6.986 8.314
2990 51.0 6.977 8.319
3000 51.0 7.004 8.330
3010 51.0 6.967 8.234
3020 51.0 7.064 8.220
3030 51.0 7.045 8.281
3040 51.0 7.003 8.277
3050 51.0 6.965 8.259
2860 52.0 8.090 8.840
2870 52.0 8.090 8.840
2880 52.0 8.090 8.840
2890 52.0 8.090 8.840
2900 52.0 8.090 8.840
2910 52.0 8.090 8.840
2920 52.0 8.090 8.840
2930 52.0 8.090 8.840
2940 52.0 8.131 8.827
2950 52.0 8.100 8.854
2960 52.0 8.103 8.845
2970 52.0 8.154 8.819
2980 52.0 8.224 8.811
2990 52.0 8.254 8.855
3000 52.0 8.309 8.907
3010 52.0 8.173 8.823
3020 52.0 8.192 8.782
3030 52.0 8.160 8.858
3040 52.0 8.128 8.852
3050 52.0 8.136 8.851
2860 56.0 12.320 3.350
2870 56.0 12.420 3.220
2880 56.0 12.490 3.210
2890 56.0 12.650 3.360
2900 56.0 12.790 3.450
2910 56.0 12.790 3.470
2920 56.0 12.790 3.380
2930 56.0 12.780 3.160
2940 56.0 12.854 3.039
2950 56.0 12.914 3.308
2960 56.0 12.985 3.125
2970 56.0 13.236 3.052
2980 56.0 13.063 2.989
2990 56.0 13.312 3.247
3000 56.0 13.398 2.952
3010 56.0 13.134 3.111
3020 56.0 13.184 2.942
3030 56.0 13.870 2.725
3040 56.0 13.775 2.636
3050 56.0 13.591 2.794
4330 79.0 -3.780 5.150
4340 79.0 -3.090 5.120
4350 79.0 -2.340 5.190
4360 79.0 -1.610 5.170
4370 79.0 -0.840 5.310
4380 79.0 -0.130 5.270
4390 79.0 0.610 5.360
4400 79.0 1.380 5.430
4410 79.0 0.028 5.529
4420 79.0 0.382 5.066
4430 79.0 0.221 5.480
4440 79.0 -0.519 5.093
4450 79.0 1.481 4.749
4460 79.0 0.987 5.060
4470 79.0 0.865 4.918
4480 79.0 0.698 5.111
4490 79.0 0.704 5.079
4500 79.0 0.592 6.222
4510 79.0 -0.249 5.462
4520 79.0 -0.336 5.524
6420 126.0 -5.190 6.380
6430 126.0 -4.300 6.500
6440 126.0 -3.360 6.560
6450 126.0 -2.420 6.510
6460 126.0 -1.390 6.390
6470 126.0 -0.560 6.380
6480 126.0 0.260 6.180
6490 126.0 1.270 6.020
6500 126.0 -0.861 6.288
6510 126.0 -1.421 6.998
6520 126.0 -1.298 6.693
6530 126.0 -1.333 6.343
6540 126.0 -0.069 6.188
6550 126.0 -1.369 6.715
6560 126.0 -0.200 6.101
6570 126.0 -0.103 6.143
6580 126.0 -0.563 5.424
6590 126.0 -0.911 6.645
6600 126.0 -1.975 6.931
6610 126.0 -1.415 6.334
6420 127.0 -5.450 7.310
6430 127.0 -4.560 7.420
6440 127.0 -3.660 7.480
6450 127.0 -2.720 7.420
6460 127.0 -1.590 7.310
6470 127.0 -0.590 7.220
6480 127.0 0.360 7.140
6490 127.0 1.320 7.050
6500 127.0 -1.667 6.224
6510 127.0 -1.579 7.000
6520 127.0 -1.240 6.365
6530 127.0 -0.210 6.265
6540 127.0 -0.235 6.241
6550 127.0 -0.387 5.410
6560 127.0 1.370 5.522
6570 127.0 -0.028 4.744
6580 127.0 0.953 4.987
6590 127.0 -0.061 4.526
6600 127.0 1.272 6.030
6610 127.0 -1.240 6.188
8120 171.0 -0.680 8.400
8130 171.0 -0.710 8.350
8140 171.0 -0.910 8.420
8150 171.0 -1.080 8.470
8160 171.0 -1.240 8.360
8170 171.0 -1.530 8.270
8180 171.0 -1.870 8.410
8190 171.0 -1.910 8.440
8200 171.0 -1.701 8.342
8210 171.0 -2.352 8.508
8220 171.0 -2.119 8.145
8230 171.0 -2.513 8.519
8240 171.0 -2.290 8.552
8250 171.0 -2.583 8.631
8260 171.0 -2.684 8.534
8270 171.0 -2.710 8.646
8280 171.0 -2.929 8.508
8290 171.0 -2.571 8.385
8300 171.0 -2.994 8.432
8310 171.0 -3.975 8.501
8320 172.0 -1.520 8.590
8330 172.0 -1.520 8.590
8340 172.0 -1.520 8.590
8350 172.0 -1.520 8.590
8360 172.0 -1.520 8.590
8370 172.0 -1.970 8.350
8380 172.0 -2.040 8.350
8390 172.0 -2.410 8.330
8400 172.0 -2.138 8.443
8410 172.0 -1.886 8.597
8420 172.0 -1.843 8.506
8430 172.0 -1.899 8.605
8440 172.0 -1.889 8.492
8450 172.0 -1.839 8.618
8460 172.0 -1.846 8.521
8470 172.0 -1.870 8.575
8480 172.0 -1.799 8.588
8490 172.0 -1.852 8.611
8500 172.0 -1.825 8.565
8510 172.0 -1.839 8.552
8520 173.0 -3.050 8.050
8530 173.0 -3.050 8.050
8540 173.0 -3.050 8.050
8550 173.0 -2.600 8.070
8560 173.0 -2.510 7.780
8570 173.0 -2.380 7.730
8580 173.0 -1.910 7.790
8590 173.0 -1.540 7.720
8600 173.0 -1.317 7.561
8610 173.0 -1.323 7.654
8620 173.0 -1.359 7.712
8630 173.0 -1.259 7.608
8640 173.0 -1.054 7.521
8650 173.0 -0.315 6.886
8660 173.0 -0.022 6.676
8670 173.0 -0.086 6.394
8680 173.0 0.490 6.690
8690 173.0 0.986 6.232
8700 173.0 -0.182 6.733
8710 173.0 0.639 6.237
8720 174.0 3.940 8.170
8730 174.0 4.330 8.230
8740 174.0 4.730 8.380
8750 174.0 5.040 8.460
8760 174.0 5.330 8.540
8770 174.0 5.870 8.600
8780 174.0 6.270 8.500
8790 174.0 6.700 8.400
8800 174.0 6.575 9.005
8810 174.0 6.401 8.511
8820 174.0 6.758 8.058
8830 174.0 6.664 8.268
8840 174.0 7.107 8.332
8850 174.0 7.044 7.839
8860 174.0 7.476 8.413
8870 174.0 7.950 8.025
8880 174.0 8.524 8.091
8890 174.0 7.243 7.489
8900 174.0 6.941 8.241
8910 174.0 8.351 8.565
8890 195.0 12.710 4.950
8900 195.0 11.820 4.590
8910 195.0 10.960 4.340
8920 195.0 9.860 4.250
8930 195.0 9.110 4.130
8940 195.0 8.160 3.990
8950 195.0 7.270 3.930
8960 195.0 6.390 3.810
8970 195.0 9.130 5.621
8980 195.0 7.407 6.463
8990 195.0 5.665 6.190
9000 195.0 7.460 5.483
9010 195.0 5.918 7.184
9020 195.0 7.721 4.070
9030 195.0 6.197 7.669
9040 195.0 7.544 5.258
9050 195.0 6.392 6.563
9060 195.0 5.467 6.672
9070 195.0 6.700 7.625
9080 195.0 6.583 6.763
8900 196.0 13.430 5.210
8910 196.0 12.660 5.110
8920 196.0 11.820 4.850
8930 196.0 10.980 4.750
8940 196.0 10.180 4.550
8950 196.0 9.410 4.410
8960 196.0 8.720 4.260
8970 196.0 7.990 4.030
8980 196.0 9.415 3.365
8990 196.0 8.824 4.687
9000 196.0 8.978 5.358
9010 196.0 8.064 5.229
9020 196.0 7.113 6.884
9030 196.0 6.400 5.601
9040 196.0 7.947 5.876
9050 196.0 8.031 5.596
9060 196.0 5.908 7.753
9070 196.0 7.253 7.615
9080 196.0 6.200 7.708
9090 196.0 9.674 4.551
8910 197.0 12.430 6.040
8920 197.0 11.500 6.030
8930 197.0 10.810 5.800
8940 197.0 10.280 5.520
8950 197.0 9.800 5.220
8960 197.0 8.970 4.980
8970 197.0 8.180 4.880
8980 197.0 7.240 4.800
8990 197.0 8.151 5.556
9000 197.0 8.915 5.758
9010 197.0 8.542 5.980
9020 197.0 8.205 6.537
9030 197.0 6.934 7.575
9040 197.0 7.618 7.387
9050 197.0 7.888 7.244
9060 197.0 6.084 8.503
9070 197.0 7.421 7.638
9080 197.0 6.624 7.612
9090 197.0 6.021 7.409
9100 197.0 7.070 6.883
8920 175.0 5.780 7.730
8930 175.0 5.400 7.690
8940 175.0 4.990 7.720
8950 175.0 4.590 7.710
8960 175.0 4.130 7.780
8970 175.0 3.730 7.920
8980 175.0 3.300 7.970
8990 175.0 2.870 8.040
9000 175.0 3.199 7.936
9010 175.0 3.248 7.953
9020 175.0 2.852 8.227
9030 175.0 2.832 8.510
9040 175.0 2.384 8.651
9050 175.0 1.607 9.082
9060 175.0 1.152 9.248
9070 175.0 0.354 9.814
9080 175.0 -0.093 9.528
9090 175.0 -0.370 9.568
9100 175.0 -0.214 9.340
9110 175.0 -2.281 10.945
9300 216.0 -4.260 8.110
9310 216.0 -3.980 8.010
9320 216.0 -3.840 7.960
9330 216.0 -3.310 8.210
9340 216.0 -2.900 8.260
9350 216.0 -2.790 8.410
9360 216.0 -2.510 8.430
9370 216.0 -2.230 8.460
9380 216.0 -2.170 8.723
9390 216.0 -1.860 8.539
9400 216.0 -2.490 8.390
9410 216.0 -1.155 8.205
9420 216.0 -0.792 8.747
9430 216.0 -0.900 8.358
9440 216.0 -1.165 8.420
9450 216.0 -1.053 8.573
9460 216.0 0.341 8.233
9470 216.0 0.167 8.414
9480 216.0 0.045 8.492
9490 216.0 0.185 8.002
9500 217.0 -2.250 8.280
9510 217.0 -2.780 8.500
9520 217.0 -2.810 8.440
9530 217.0 -2.980 8.140
9540 217.0 -2.980 8.140
9550 217.0 -3.270 8.070
9560 217.0 -3.270 8.070
9570 217.0 -3.270 8.070
9580 217.0 -2.994 8.175
9590 217.0 -3.742 8.323
9600 217.0 -3.558 7.810
9610 217.0 -3.452 8.038
9620 217.0 -4.156 8.039
9630 217.0 -3.881 7.846
9640 217.0 -3.718 8.115
9650 217.0 -4.327 7.914
9660 217.0 -4.338 8.086
9670 217.0 -4.112 8.544
9680 217.0 -4.354 8.321
9690 217.0 -4.845 8.311
9680 230.0 -3.110 5.320
9690 230.0 -2.090 5.210
9700 230.0 -1.280 5.330
9710 230.0 -0.440 5.260
9720 230.0 0.450 5.280
9730 230.0 1.340 5.340
9740 230.0 2.280 5.270
9750 230.0 3.180 5.200
9760 230.0 1.560 4.506
9770 230.0 0.981 4.571
9780 230.0 0.739 4.394
9790 230.0 0.969 3.809
9800 230.0 2.497 3.595
9810 230.0 1.220 4.821
9820 230.0 1.646 4.274
9830 230.0 1.571 4.752
9840 230.0 0.772 4.578
9850 230.0 1.579 4.588
9860 230.0 2.527 3.972
9870 230.0 1.006 4.730
9680 231.0 -3.380 4.310
9690 231.0 -2.480 4.250
9700 231.0 -1.510 4.280
9710 231.0 -0.430 4.340
9720 231.0 0.480 4.390
9730 231.0 1.360 4.490
9740 231.0 2.240 4.500
9750 231.0 3.050 4.410
9760 231.0 1.109 4.105
9770 231.0 0.860 3.534
9780 231.0 1.665 3.185
9790 231.0 1.254 3.986
9800 231.0 -0.081 3.982
9810 231.0 -0.007 3.925
9820 231.0 1.040 4.038
9830 231.0 1.983 3.996
9840 231.0 2.229 3.197
9850 231.0 3.798 2.098
9860 231.0 1.716 3.209
9870 231.0 3.612 3.458
9700 218.0 -4.840 7.800
9710 218.0 -4.840 7.840
9720 218.0 -4.840 7.840
9730 218.0 -4.840 7.840
9740 218.0 -4.840 7.840
9750 218.0 -4.840 7.840
9760 218.0 -4.780 7.790
9770 218.0 -4.830 7.830
9780 218.0 -4.783 7.765
9790 218.0 -4.742 7.740
9800 218.0 -4.677 7.695
9810 218.0 -4.677 7.654
9820 218.0 -4.658 7.675
9830 218.0 -4.678 7.712
9840 218.0 -4.613 7.767
9850 218.0 -4.630 7.765
9860 218.0 -4.804 7.800
9870 218.0 -4.786 7.666
9880 218.0 -4.798 7.629
9890 218.0 -4.844 7.664
9920 238.0 -2.360 6.640
9930 238.0 -1.300 6.460
9940 238.0 -0.520 6.380
9950 238.0 0.430 6.410
9960 238.0 1.290 6.330
9970 238.0 2.260 6.480
9980 238.0 3.120 6.620
9990 238.0 4.010 6.580
10000 238.0 3.847 6.007
10010 238.0 2.429 6.550
10020 238.0 0.457 6.332
10030 238.0 1.350 6.063
10040 238.0 1.244 6.355
10050 238.0 2.028 6.699
10060 238.0 2.741 6.703
10070 238.0 2.463 6.515
10080 238.0 1.521 6.825
10090 238.0 4.143 5.922
10100 238.0 3.943 6.477
10110 238.0 3.684 6.702
9920 240.0 -1.570 5.570
9930 240.0 -0.740 5.530
9940 240.0 0.070 5.490
9950 240.0 1.010 5.490
9960 240.0 1.950 5.410
9970 240.0 2.870 5.330
9980 240.0 3.750 5.370
9990 240.0 4.620 5.470
10000 240.0 2.019 5.181
10010 240.0 2.578 5.389
10020 240.0 1.656 5.381
10030 240.0 3.007 4.839
10040 240.0 3.524 4.799
10050 240.0 3.555 4.666
10060 240.0 4.607 4.165
10070 240.0 3.607 4.295
10080 240.0 6.272 3.836
10090 240.0 3.709 4.575
10100 240.0 4.070 4.130
10110 240.0 4.464 4.078
10120 239.0 11.780 4.760
10130 239.0 12.070 4.780
10140 239.0 12.290 4.670
10150 239.0 12.340 4.690
10160 239.0 12.310 4.690
10170 239.0 12.310 4.670
10180 239.0 12.310 4.620
10190 239.0 12.310 4.620
10200 239.0 12.675 4.593
10210 239.0 12.705 4.637
10220 239.0 12.916 4.467
10230 239.0 13.040 4.742
10240 239.0 13.196 4.377
10250 239.0 13.077 4.672
10260 239.0 13.571 4.526
10270 239.0 13.693 4.605
10280 239.0 14.226 4.790
10290 239.0 14.304 4.850
10300 239.0 14.546 4.497
10310 239.0 14.489 4.323
10250 257.0 12.620 6.950
10260 257.0 11.680 7.090
10270 257.0 10.740 7.200
10280 257.0 9.720 7.100
10290 257.0 8.730 7.090
10300 257.0 7.740 6.970
10310 257.0 6.860 6.750
10320 257.0 6.040 6.450
10330 257.0 7.174 7.510
10340 257.0 6.931 8.100
10350 257.0 6.612 7.598
10360 257.0 6.236 8.761
10370 257.0 5.755 9.511
10380 257.0 5.704 9.971
10390 257.0 7.081 8.843
10400 257.0 7.024 7.785
10410 257.0 5.813 9.763
10420 257.0 6.211 9.148
10430 257.0 6.684 9.632
10440 257.0 6.701 9.509
10250 258.0 -1.720 7.410
10260 258.0 -0.770 7.300
10270 258.0 0.160 7.280
10280 258.0 1.050 7.190
10290 258.0 1.960 7.180
10300 258.0 2.910 7.260
10310 258.0 3.600 7.400
10320 258.0 4.430 7.610
10330 258.0 2.000 7.354
10340 258.0 2.380 6.358
10350 258.0 2.781 6.789
10360 258.0 2.560 6.691
10370 258.0 2.600 6.095
10380 258.0 3.190 6.613
10390 258.0 4.295 5.684
10400 258.0 2.871 6.554
10410 258.0 2.707 6.730
10420 258.0 3.706 6.476
10430 258.0 3.007 6.861
10440 258.0 2.184 7.643
10250 259.0 -2.220 6.660
10260 259.0 -1.220 6.450
10270 259.0 -0.170 6.320
10280 259.0 0.820 6.310
10290 259.0 1.740 6.310
10300 259.0 2.640 6.360
10310 259.0 3.460 6.610
10320 259.0 4.330 6.820
10330 259.0 2.299 6.157
10340 259.0 1.647 5.970
10350 259.0 1.960 5.982
10360 259.0 2.428 5.879
10370 259.0 2.974 6.059
10380 259.0 3.633 5.659
10390 259.0 3.489 6.043
10400 259.0 5.008 4.566
10410 259.0 4.961 4.988
10420 259.0 2.116 5.206
10430 259.0 2.899 6.048
10440 259.0 5.888 4.566
10260 260.0 12.230 6.630
10270 260.0 11.230 6.650
10280 260.0 10.060 6.750
10290 260.0 9.180 6.580
10300 260.0 8.130 6.480
10310 260.0 7.210 6.050
10320 260.0 6.240 5.750
10330 260.0 5.240 5.550
10340 260.0 6.698 6.641
10350 260.0 7.190 7.972
10360 260.0 5.967 7.725
10370 260.0 7.893 5.170
10380 260.0 7.574 6.047
10390 260.0 6.291 6.974
10400 260.0 6.527 6.178
10410 260.0 6.518 5.187
10420 260.0 5.937 8.912
10430 260.0 4.365 9.364
10440 260.0 5.798 5.596
10450 260.0 8.997 4.061
10280 261.0 12.700 7.000
10290 261.0 11.590 7.140
10300 261.0 10.830 7.500
10310 261.0 9.750 7.480
10320 261.0 8.720 7.310
10330 261.0 7.780 6.960
10340 261.0 6.790 6.600
10350 261.0 5.800 6.270
10360 261.0 8.278 6.791
10370 261.0 8.755 7.044
10380 261.0 7.843 7.520
10390 261.0 7.664 7.469
10400 261.0 5.182 8.334
10410 261.0 6.448 9.687
10420 261.0 6.679 8.010
10430 261.0 5.439 7.813
10440 261.0 4.315 7.992
10450 261.0 4.604 9.243
10460 261.0 7.629 6.160
10470 261.0 3.607 11.001
10300 263.0 -1.980 5.100
10310 263.0 -1.020 5.220
10320 263.0 -0.190 5.440
10330 263.0 0.700 5.760
10340 263.0 1.570 6.100
10350 263.0 2.590 6.400
10360 263.0 3.570 6.630
10370 263.0 4.400 6.800
10380 263.0 1.832 5.680
10390 263.0 1.637 4.936
10400 263.0 1.593 5.660
10410 263.0 1.153 5.323
10420 263.0 1.904 4.972
10430 263.0 2.111 4.995
10440 263.0 2.028 4.818
10450 263.0 2.084 4.624
10460 263.0 0.958 5.499
10470 263.0 1.560 4.846
10480 263.0 2.583 4.169
10490 263.0 2.766 4.461
10300 264.0 -2.160 5.980
10310 264.0 -1.260 5.980
10320 264.0 -0.390 6.180
10330 264.0 0.550 6.440
10340 264.0 1.420 6.730
10350 264.0 2.390 7.070
10360 264.0 3.330 7.350
10370 264.0 4.170 7.580
10380 264.0 1.942 6.083
10390 264.0 1.755 5.786
10400 264.0 2.893 6.065
10410 264.0 1.671 6.079
10420 264.0 2.191 5.695
10430 264.0 1.808 5.390
10440 264.0 4.271 5.226
10450 264.0 1.990 5.877
10460 264.0 2.286 5.674
10470 264.0 3.151 4.772
10480 264.0 4.555 4.662
10490 264.0 4.217 4.981
10300 265.0 -2.070 1.900
10310 265.0 -1.210 1.870
10320 265.0 -0.130 1.950
10330 265.0 0.940 2.130
10340 265.0 2.000 2.210
10350 265.0 3.000 2.250
10360 265.0 4.020 2.400
10370 265.0 4.970 2.580
10380 265.0 2.758 2.398
10390 265.0 1.517 1.802
10400 265.0 1.899 2.413
10410 265.0 1.179 1.516
10420 265.0 0.972 2.524
10430 265.0 1.505 1.268
10440 265.0 1.477 1.995
10450 265.0 2.180 1.763
10460 265.0 2.160 1.193
10470 265.0 2.347 0.930
10480 265.0 3.093 0.601
10490 265.0 2.851 0.824
10300 267.0 -2.000 3.250
10310 267.0 -1.080 3.390
10320 267.0 -0.200 3.410
10330 267.0 0.670 3.390
10340 267.0 1.680 3.380
10350 267.0 2.480 3.530
10360 267.0 3.430 3.690
10370 267.0 4.470 3.960
10380 267.0 1.957 3.780
10390 267.0 1.948 3.483
10400 267.0 1.764 3.256
10410 267.0 0.939 3.184
10420 267.0 1.306 3.467
10430 267.0 2.726 3.524
10440 267.0 2.095 3.565
10450 267.0 1.583 2.564
10460 267.0 2.065 2.925
10470 267.0 2.609 3.395
10480 267.0 2.667 2.878
10490 267.0 2.477 2.866
10300 268.0 -1.380 3.890
10310 268.0 -0.790 4.000
10320 268.0 0.370 4.030
10330 268.0 1.070 4.020
10340 268.0 1.940 3.850
10350 268.0 2.710 4.040
10360 268.0 3.560 4.440
10370 268.0 4.550 4.630
10380 268.0 2.577 3.717
10390 268.0 1.421 3.964
10400 268.0 1.865 4.197
10410 268.0 1.614 4.768
10420 268.0 1.080 4.444
10430 268.0 1.293 3.735
10440 268.0 1.449 4.035
10450 268.0 1.208 4.051
10460 268.0 1.418 4.871
10470 268.0 1.835 4.800
10480 268.0 2.551 4.518
10490 268.0 2.098 4.591
10690 303.0 12.900 6.160
10700 303.0 12.310 6.320
10710 303.0 11.610 6.670
10720 303.0 10.950 7.100
10730 303.0 10.280 7.370
10740 303.0 9.630 7.550
10750 303.0 8.910 7.660
10760 303.0 8.160 7.780
10770 303.0 8.485 8.272
10780 303.0 7.818 8.312
10790 303.0 8.129 8.146
10800 303.0 7.457 8.615
10810 303.0 7.504 8.087
10820 303.0 6.559 9.277
10830 303.0 6.356 9.649
10840 303.0 6.110 9.859
10850 303.0 7.920 9.026
10860 303.0 6.397 9.269
10870 303.0 6.648 9.756
10880 303.0 5.369 10.027
10850 316.0 -1.870 6.400
10860 316.0 -1.330 6.370
10870 316.0 -0.740 6.320
10880 316.0 -0.140 6.180
10890 316.0 0.480 6.050
10900 316.0 1.150 5.980
10910 316.0 1.810 5.910
10920 316.0 2.480 5.940
10930 316.0 1.779 5.194
10940 316.0 1.640 5.831
10950 316.0 2.203 5.267
10960 316.0 3.590 5.103
10970 316.0 2.834 5.296
10980 316.0 4.357 4.979
10990 316.0 3.636 5.180
11000 316.0 3.215 5.171
11010 316.0 3.177 5.323
11020 316.0 4.037 4.544
11030 316.0 0.718 7.057
11040 316.0 2.991 5.729
11210 320.0 12.000 4.350
11220 320.0 11.300 4.090
11230 320.0 10.610 3.980
11240 320.0 10.000 3.720
11250 320.0 9.230 3.660
11260 320.0 8.560 3.470
11270 320.0 7.980 3.270
11280 320.0 7.520 3.120
11290 320.0 8.277 4.147
11300 320.0 8.458 3.535
11310 320.0 8.279 2.800
11320 320.0 7.687 5.007
11330 320.0 8.033 4.616
11340 320.0 8.271 3.775
11350 320.0 7.889 5.406
11360 320.0 6.976 4.259
11370 320.0 6.600 3.782
11380 320.0 5.902 6.188
11390 320.0 5.997 5.087
11400 320.0 7.866 4.605
11280 329.0 -2.760 -0.130
11290 329.0 -2.040 0.530
11300 329.0 -1.180 1.020
11310 329.0 -0.360 1.480
11320 329.0 0.340 1.920
11330 329.0 0.840 2.350
11340 329.0 1.590 2.640
11350 329.0 2.390 2.910
11360 329.0 0.626 1.010
11370 329.0 -0.609 0.730
11380 329.0 -0.114 0.277
11390 329.0 0.072 0.411
11400 329.0 0.410 0.607
11410 329.0 0.224 -0.628
11420 329.0 0.643 -0.736
11430 329.0 0.918 -0.205
11440 329.0 0.266 0.117
11450 329.0 1.494 -0.171
11460 329.0 1.015 -0.162
11470 329.0 0.805 0.344
11280 327.0 -2.800 1.840
11290 327.0 -1.780 2.390
11300 327.0 -1.070 2.780
11310 327.0 -0.260 2.950
11320 327.0 0.540 3.130
11330 327.0 1.320 3.320
11340 327.0 2.040 3.540
11350 327.0 2.790 3.760
11360 327.0 1.102 2.047
11370 327.0 0.850 1.571
11380 327.0 1.245 1.575
11390 327.0 1.037 1.057
11400 327.0 1.810 1.349
11410 327.0 1.660 0.632
11420 327.0 2.162 0.820
11430 327.0 2.428 0.327
11440 327.0 2.708 0.625
11450 327.0 1.326 1.316
11460 327.0 2.138 1.283
11470 327.0 1.921 -0.092
11280 328.0 -3.580 0.190
11290 328.0 -2.850 0.850
11300 328.0 -1.780 1.470
11310 328.0 -0.960 1.920
11320 328.0 -0.300 2.330
11330 328.0 0.250 2.670
11340 328.0 1.010 3.010
11350 328.0 1.810 3.280
11360 328.0 -0.454 2.546
11370 328.0 -0.303 2.780
11380 328.0 -0.533 2.827
11390 328.0 -0.806 2.161
11400 328.0 -1.213 2.819
11410 328.0 -0.934 2.242
11420 328.0 -0.889 2.675
11430 328.0 -0.955 2.334
11440 328.0 -0.756 2.561
11450 328.0 -1.155 2.659
11460 328.0 -1.205 2.232
11470 328.0 -1.288 2.139
11310 331.0 -4.430 4.560
11320 331.0 -3.490 4.940
11330 331.0 -2.700 5.350
11340 331.0 -1.670 5.660
11350 331.0 -0.580 5.900
11360 331.0 0.400 6.200
11370 331.0 1.430 6.460
11380 331.0 2.430 6.600
11390 331.0 -0.639 4.025
11400 331.0 -0.812 4.754
11410 331.0 -0.790 5.025
11420 331.0 -0.529 4.587
11430 331.0 0.789 4.353
11440 331.0 0.612 4.175
11450 331.0 0.143 4.282
11460 331.0 1.047 3.668
11470 331.0 0.330 4.186
11480 331.0 3.024 3.016
11490 331.0 2.388 2.569
11500 331.0 2.022 2.246
11840 342.0 10.640 4.900
11850 342.0 9.730 4.760
11860 342.0 8.750 4.600
11870 342.0 7.840 4.560
11880 342.0 6.880 4.500
11890 342.0 5.990 4.480
11900 342.0 5.080 4.470
11910 342.0 4.170 4.430
11920 342.0 5.043 5.207
11930 342.0 5.779 5.866
11940 342.0 5.685 5.836
11950 342.0 4.734 6.008
11960 342.0 3.408 6.889
11970 342.0 1.220 8.686
11980 342.0 3.173 8.245
11990 342.0 5.759 6.180
12000 342.0 4.064 7.121
12010 342.0 5.149 5.730
12020 342.0 -0.539 10.543
12030 342.0 2.762 8.397
11880 348.0 13.410 5.460
11890 348.0 12.400 5.010
11900 348.0 11.320 4.730
11910 348.0 10.240 4.560
11920 348.0 9.140 4.440
11930 348.0 8.100 4.530
11940 348.0 6.970 4.600
11950 348.0 5.710 4.730
11960 348.0 8.845 5.741
11970 348.0 8.863 6.162
11980 348.0 8.294 4.362
11990 348.0 6.584 6.387
12000 348.0 8.830 4.097
12010 348.0 7.576 5.795
12020 348.0 8.438 6.440
12030 348.0 9.775 2.773
12040 348.0 7.750 6.048
12050 348.0 7.377 6.749
12060 348.0 7.139 8.135
12070 348.0 7.635 5.958
11930 350.0 -4.990 5.190
11940 350.0 -3.910 5.180
11950 350.0 -3.050 5.230
11960 350.0 -2.120 5.270
11970 350.0 -0.940 5.310
11980 350.0 -0.260 5.570
11990 350.0 0.830 5.710
12000 350.0 1.830 5.830
12010 350.0 -0.686 5.506
12020 350.0 -0.246 5.017
12030 350.0 -1.708 5.711
12040 350.0 -0.839 4.765
12050 350.0 -0.717 5.519
12060 350.0 -0.612 5.315
12070 350.0 -0.451 4.882
12080 350.0 -0.121 4.343
12090 350.0 -1.206 5.084
12100 350.0 -0.435 4.634
12110 350.0 -0.093 4.847
12120 350.0 0.261 4.770
11940 353.0 -4.790 -0.260
11950 353.0 -4.040 0.440
11960 353.0 -3.120 1.030
11970 353.0 -2.130 1.650
11980 353.0 -1.070 2.050
11990 353.0 -0.100 2.480
12000 353.0 0.910 2.960
12010 353.0 1.950 3.380
12020 353.0 -0.775 0.903
12030 353.0 -1.415 1.592
12040 353.0 -1.066 0.994
12050 353.0 -0.561 0.761
12060 353.0 -1.589 0.351
12070 353.0 -2.130 0.074
12080 353.0 -2.092 0.323
12090 353.0 -0.909 0.177
12100 353.0 -1.100 -0.024
12110 353.0 -0.946 0.082
12120 353.0 -0.351 -0.102
12130 353.0 -0.262 0.278
11970 355.0 -2.400 10.550
11980 355.0 -1.660 9.900
11990 355.0 -0.840 9.560
12000 355.0 -0.190 8.920
12010 355.0 0.510 8.540
12020 355.0 1.380 8.290
12030 355.0 2.200 8.090
12040 355.0 3.050 7.920
12050 355.0 2.675 7.749
12060 355.0 1.821 7.932
12070 355.0 3.542 7.262
12080 355.0 4.221 7.031
12090 355.0 3.126 7.640
12100 355.0 1.229 8.276
12110 355.0 4.324 6.268
12120 355.0 3.835 6.027
12130 355.0 7.093 4.737
12140 355.0 4.108 6.769
12150 355.0 0.979 7.834
12160 355.0 2.635 7.457
12020 358.0 -6.550 7.200
12030 358.0 -6.050 7.260
12040 358.0 -5.490 7.270
12050 358.0 -4.990 7.410
12060 358.0 -4.500 7.460
12070 358.0 -4.070 7.510
12080 358.0 -3.780 7.530
12090 358.0 -3.230 7.550
12100 358.0 -3.790 7.458
12110 358.0 -4.657 7.762
12120 358.0 -3.596 7.658
12130 358.0 -4.017 7.836
12140 358.0 -4.085 7.612
12150 358.0 -4.147 7.779
12160 358.0 -4.207 7.373
12170 358.0 -3.683 7.415
12180 358.0 -3.630 7.419
12190 358.0 -3.635 8.095
12200 358.0 -3.716 7.448
12210 358.0 -3.831 6.977
12020 357.0 -6.400 6.260
12030 357.0 -5.940 6.350
12040 357.0 -5.340 6.430
12050 357.0 -4.840 6.530
12060 357.0 -4.350 6.610
12070 357.0 -3.810 6.690
12080 357.0 -3.370 6.740
12090 357.0 -3.060 6.740
12100 357.0 -3.720 6.790
12110 357.0 -3.847 6.683
12120 357.0 -4.174 6.834
12130 357.0 -3.898 6.332
12140 357.0 -3.412 6.461
12150 357.0 -3.157 6.790
12160 357.0 -3.370 6.339
12170 357.0 -3.523 6.649
12180 357.0 -2.407 6.304
12190 357.0 -2.225 5.742
12200 357.0 -3.518 5.979
12210 357.0 -3.069 6.065
12020 359.0 -4.900 12.670
12030 359.0 -4.120 12.140
12040 359.0 -3.370 11.660
12050 359.0 -2.770 11.060
12060 359.0 -1.920 10.430
12070 359.0 -0.950 9.910
12080 359.0 -0.160 9.390
12090 359.0 0.740 8.910
12100 359.0 0.229 8.787
12110 359.0 -0.495 9.447
12120 359.0 1.896 7.690
12130 359.0 1.419 8.560
12140 359.0 3.470 8.587
12150 359.0 4.379 6.757
12160 359.0 -1.133 10.048
12170 359.0 4.600 7.295
12180 359.0 3.479 7.655
12190 359.0 0.599 9.893
12200 359.0 2.219 8.404
12210 359.0 -0.923 10.963
