0 1.0 13.449 3.938
10 1.0 12.935 3.938
20 1.0 12.422 3.938
30 1.0 11.919 3.958
40 1.0 11.428 3.998
50 1.0 10.937 4.037
60 1.0 10.467 3.992
70 1.0 10.019 3.861
80 1.0 11.576 3.783
90 1.0 10.808 3.598
100 1.0 11.744 3.581
110 1.0 11.387 3.451
120 1.0 11.959 3.374
130 1.0 11.122 3.551
140 1.0 11.157 3.709
150 1.0 11.370 3.925
160 1.0 11.485 3.578
170 1.0 10.778 4.204
180 1.0 11.577 4.139
190 1.0 10.625 3.676
0 2.0 13.343 4.439
10 2.0 12.825 4.430
20 2.0 12.307 4.421
30 2.0 11.814 4.434
40 2.0 11.360 4.480
50 2.0 10.905 4.526
60 2.0 10.438 4.526
70 2.0 9.945 4.419
80 2.0 10.815 3.870
90 2.0 9.305 5.166
100 2.0 9.241 5.416
110 2.0 8.247 6.006
120 2.0 9.210 5.226
130 2.0 7.622 5.373
140 2.0 8.246 4.619
150 2.0 7.022 5.416
160 2.0 5.689 6.098
170 2.0 7.530 5.380
180 2.0 5.535 7.407
190 2.0 8.536 4.020
0 3.0 11.912 4.439
10 3.0 11.505 4.514
20 3.0 11.097 4.588
30 3.0 10.689 4.663
40 3.0 10.280 4.709
50 3.0 9.871 4.749
60 3.0 9.462 4.789
70 3.0 9.051 4.830
80 3.0 9.651 5.150
90 3.0 9.184 4.930
100 3.0 8.627 5.342
110 3.0 7.116 6.101
120 3.0 7.765 5.654
130 3.0 7.036 6.525
140 3.0 6.916 6.312
150 3.0 6.404 6.695
160 3.0 5.579 6.617
170 3.0 5.222 7.343
180 3.0 4.409 8.336
190 3.0 3.295 9.298
0 4.0 11.828 5.155
10 4.0 11.382 5.211
20 4.0 10.937 5.267
30 4.0 10.491 5.324
40 4.0 10.071 5.346
50 4.0 9.668 5.346
60 4.0 9.265 5.346
70 4.0 8.862 5.346
80 4.0 8.833 5.642
90 4.0 8.090 5.979
100 4.0 7.850 6.786
110 4.0 7.444 6.517
120 4.0 7.092 6.778
130 4.0 7.197 7.127
140 4.0 5.963 7.999
150 4.0 6.267 7.701
160 4.0 5.445 8.370
170 4.0 5.235 8.379
180 4.0 4.896 8.807
190 4.0 3.878 9.118
0 5.0 8.713 4.415
10 5.0 8.361 4.364
20 5.0 8.008 4.312
30 5.0 7.655 4.260
40 5.0 7.301 4.186
50 5.0 6.942 4.060
60 5.0 6.583 3.934
70 5.0 6.224 3.807
80 5.0 6.725 4.568
90 5.0 6.323 4.760
100 5.0 6.070 4.774
110 5.0 6.271 4.740
120 5.0 6.322 5.078
130 5.0 6.263 5.070
140 5.0 6.387 4.860
150 5.0 5.387 5.321
160 5.0 4.164 6.275
170 5.0 3.736 6.835
180 5.0 4.193 6.708
190 5.0 3.106 7.045
0 6.0 8.124 3.461
10 6.0 8.611 3.416
20 6.0 9.097 3.371
30 6.0 9.584 3.326
40 6.0 9.990 3.325
50 6.0 10.376 3.335
60 6.0 10.729 3.399
70 6.0 11.033 3.546
80 6.0 10.725 3.249
90 6.0 10.736 3.584
100 6.0 10.199 3.558
110 6.0 10.748 4.145
120 6.0 11.197 3.109
130 6.0 11.280 4.128
140 6.0 11.936 3.413
150 6.0 12.152 3.203
160 6.0 12.619 3.123
170 6.0 11.882 3.792
180 6.0 12.270 4.425
190 6.0 11.046 3.334
0 8.0 4.336 7.351
10 8.0 4.554 7.274
20 8.0 4.773 7.198
30 8.0 4.955 7.171
40 8.0 5.101 7.194
50 8.0 5.246 7.217
60 8.0 5.391 7.239
70 8.0 5.542 7.259
80 8.0 5.326 7.044
90 8.0 5.138 7.209
100 8.0 5.230 7.295
110 8.0 5.427 7.077
120 8.0 5.511 7.105
130 8.0 5.646 7.292
140 8.0 5.793 7.129
150 8.0 5.860 6.932
160 8.0 6.418 6.954
170 8.0 6.655 7.029
180 8.0 6.870 6.400
190 8.0 7.289 5.972
20 17.0 15.242 3.668
30 17.0 14.666 3.533
40 17.0 14.089 3.398
50 17.0 13.545 3.310
60 17.0 13.048 3.291
70 17.0 12.551 3.272
80 17.0 12.099 3.314
90 17.0 11.652 3.364
100 17.0 13.950 2.713
110 17.0 13.583 2.970
120 17.0 13.177 3.524
130 17.0 13.439 3.588
140 17.0 12.417 3.944
150 17.0 12.217 4.084
160 17.0 12.831 3.583
170 17.0 12.817 4.019
180 17.0 12.448 4.088
190 17.0 12.165 4.606
200 17.0 11.456 5.059
210 17.0 11.693 5.163
120 20.0 0.345 6.983
130 20.0 0.635 6.884
140 20.0 0.925 6.785
150 20.0 1.255 6.689
160 20.0 1.744 6.605
170 20.0 2.233 6.521
180 20.0 2.722 6.437
190 20.0 3.207 6.373
200 20.0 3.293 6.196
210 20.0 4.470 4.891
220 20.0 3.425 5.205
230 20.0 3.682 5.030
240 20.0 4.617 4.803
250 20.0 5.153 4.571
260 20.0 4.052 4.674
270 20.0 5.456 3.763
280 20.0 4.937 4.396
290 20.0 5.072 4.525
300 20.0 5.973 3.678
310 20.0 7.322 3.198
200 9.0 5.286 7.501
210 9.0 5.093 7.534
220 9.0 4.900 7.567
230 9.0 4.707 7.600
240 9.0 4.509 7.598
250 9.0 4.308 7.572
260 9.0 4.107 7.546
270 9.0 3.906 7.520
280 9.0 3.915 7.361
290 9.0 3.812 7.504
300 9.0 3.228 7.167
310 9.0 4.339 6.774
320 9.0 3.700 6.616
330 9.0 3.342 6.378
340 9.0 3.709 5.844
350 9.0 3.702 6.071
360 9.0 4.308 5.659
370 9.0 4.306 5.166
380 9.0 3.983 4.915
390 9.0 3.767 4.269
200 21.0 0.474 7.303
210 21.0 1.000 7.064
220 21.0 1.562 6.883
230 21.0 2.211 6.835
240 21.0 2.859 6.787
250 21.0 3.539 6.631
260 21.0 4.227 6.447
270 21.0 4.915 6.255
280 21.0 4.205 6.350
290 21.0 4.991 6.573
300 21.0 4.071 6.603
310 21.0 3.864 6.543
320 21.0 4.095 6.628
330 21.0 4.684 6.512
340 21.0 4.869 5.862
350 21.0 5.599 5.720
360 21.0 5.656 5.915
370 21.0 6.023 5.280
380 21.0 6.464 5.299
390 21.0 5.749 5.751
220 18.0 5.571 2.959
230 18.0 5.105 2.997
240 18.0 4.638 3.036
250 18.0 4.172 3.075
260 18.0 3.720 3.099
270 18.0 3.270 3.121
280 18.0 2.819 3.143
290 18.0 2.369 3.165
300 18.0 3.317 3.566
310 18.0 2.621 4.185
320 18.0 1.930 4.506
330 18.0 2.170 4.561
340 18.0 2.547 4.482
350 18.0 1.885 4.631
360 18.0 1.171 4.806
370 18.0 -0.376 5.663
380 18.0 0.695 5.207
390 18.0 0.664 4.917
400 18.0 0.378 5.575
410 18.0 -0.351 5.798
330 22.0 15.037 3.799
340 22.0 14.501 3.842
350 22.0 13.965 3.886
360 22.0 13.430 3.929
370 22.0 12.870 3.971
380 22.0 12.304 4.012
390 22.0 11.737 4.053
400 22.0 11.207 4.157
410 22.0 11.429 4.271
420 22.0 12.482 3.973
430 22.0 12.337 3.538
440 22.0 11.418 4.779
450 22.0 10.983 4.975
460 22.0 10.416 5.308
470 22.0 9.738 5.425
480 22.0 9.215 5.537
490 22.0 9.214 5.379
500 22.0 9.048 5.861
510 22.0 8.917 5.070
520 22.0 10.498 5.057
330 23.0 14.895 3.245
340 23.0 14.324 3.253
350 23.0 13.752 3.262
360 23.0 13.183 3.271
370 23.0 12.635 3.288
380 23.0 12.086 3.305
390 23.0 11.540 3.360
400 23.0 11.000 3.504
410 23.0 12.268 3.659
420 23.0 11.667 3.926
430 23.0 11.173 4.501
440 23.0 10.616 4.380
450 23.0 11.197 3.974
460 23.0 10.405 5.148
470 23.0 9.639 5.344
480 23.0 9.095 5.942
490 23.0 8.597 5.820
500 23.0 8.735 5.882
510 23.0 8.282 6.025
520 23.0 8.365 6.270
400 10.0 2.523 7.186
410 10.0 2.406 7.138
420 10.0 2.282 7.080
430 10.0 2.159 7.022
440 10.0 2.084 7.023
450 10.0 2.014 7.030
460 10.0 1.943 7.038
470 10.0 1.850 7.026
480 10.0 1.773 6.988
490 10.0 1.774 6.856
500 10.0 1.832 6.768
510 10.0 1.952 6.890
520 10.0 2.200 7.086
530 10.0 1.948 7.057
540 10.0 1.975 6.809
550 10.0 2.074 6.637
560 10.0 1.956 6.903
570 10.0 1.921 6.757
580 10.0 1.827 6.501
590 10.0 2.254 6.931
420 19.0 1.204 3.306
430 19.0 1.189 3.313
440 19.0 1.174 3.319
450 19.0 1.159 3.326
460 19.0 1.144 3.332
470 19.0 1.129 3.339
480 19.0 1.113 3.345
490 19.0 1.098 3.351
500 19.0 1.109 3.286
510 19.0 1.103 3.271
520 19.0 1.169 3.299
530 19.0 1.155 3.268
540 19.0 1.054 3.343
550 19.0 0.993 3.325
560 19.0 1.041 3.368
570 19.0 1.067 3.341
580 19.0 1.062 3.356
590 19.0 1.043 3.285
600 19.0 1.202 3.276
610 19.0 1.179 3.239
460 24.0 14.690 3.248
470 24.0 14.059 3.313
480 24.0 13.428 3.378
490 24.0 12.799 3.445
500 24.0 12.192 3.529
510 24.0 11.585 3.614
520 24.0 10.979 3.698
530 24.0 10.388 3.844
540 24.0 8.905 4.296
550 24.0 8.600 4.343
560 24.0 8.273 4.424
570 24.0 7.787 3.977
580 24.0 7.750 4.848
590 24.0 8.254 4.461
600 24.0 10.288 2.648
610 24.0 8.916 4.462
620 24.0 7.687 6.182
630 24.0 8.897 3.540
640 24.0 10.168 2.386
650 24.0 9.279 4.358
460 25.0 15.069 4.009
470 25.0 14.455 4.048
480 25.0 13.840 4.086
490 25.0 13.217 4.163
500 25.0 12.586 4.278
510 25.0 11.954 4.394
520 25.0 11.356 4.501
530 25.0 10.808 4.595
540 25.0 12.261 3.740
550 25.0 12.344 3.990
560 25.0 10.751 4.441
570 25.0 10.212 4.852
580 25.0 9.929 4.384
590 25.0 9.356 5.509
600 25.0 8.349 5.983
610 25.0 9.938 4.778
620 25.0 8.957 5.196
630 25.0 9.810 5.572
640 25.0 8.068 6.728
650 25.0 5.406 8.074
490 26.0 0.261 7.244
500 26.0 0.350 7.131
510 26.0 0.439 7.018
520 26.0 0.527 6.905
530 26.0 0.612 6.826
540 26.0 0.687 6.826
550 26.0 0.762 6.826
560 26.0 0.849 6.814
570 26.0 1.189 6.698
580 26.0 1.106 6.516
590 26.0 1.259 6.587
600 26.0 1.201 6.598
610 26.0 1.329 6.467
620 26.0 1.150 6.692
630 26.0 0.914 6.605
640 26.0 1.125 6.673
650 26.0 1.050 6.865
660 26.0 1.071 6.637
670 26.0 1.415 6.821
680 26.0 0.994 6.948
520 28.0 0.218 6.456
530 28.0 0.504 6.342
540 28.0 0.791 6.227
550 28.0 1.022 6.224
560 28.0 1.217 6.294
570 28.0 1.412 6.365
580 28.0 1.560 6.448
590 28.0 1.702 6.533
600 28.0 2.050 6.531
610 28.0 2.214 6.581
620 28.0 2.646 6.574
630 28.0 3.099 6.617
640 28.0 3.093 6.368
650 28.0 2.041 7.359
660 28.0 1.809 6.693
670 28.0 1.910 6.994
680 28.0 1.688 6.661
690 28.0 1.977 6.395
700 28.0 2.650 6.565
710 28.0 2.902 6.323
580 30.0 0.352 6.937
590 30.0 0.409 6.775
600 30.0 0.467 6.612
610 30.0 0.661 6.418
620 30.0 0.942 6.229
630 30.0 1.336 6.110
640 30.0 1.659 6.037
650 30.0 1.934 5.996
660 30.0 1.878 5.690
670 30.0 1.833 5.642
680 30.0 2.073 5.722
690 30.0 2.644 5.485
700 30.0 2.687 5.895
710 30.0 3.284 5.362
720 30.0 3.793 4.569
730 30.0 4.737 4.264
740 30.0 5.807 3.487
750 30.0 6.091 3.472
760 30.0 6.351 3.564
770 30.0 6.897 3.009
600 11.0 1.456 7.383
610 11.0 1.456 7.392
620 11.0 1.457 7.400
630 11.0 1.457 7.408
640 11.0 1.458 7.416
650 11.0 1.458 7.425
660 11.0 1.459 7.433
670 11.0 1.459 7.441
680 11.0 1.470 7.401
690 11.0 1.492 7.420
700 11.0 1.487 7.392
710 11.0 1.524 7.341
720 11.0 1.533 7.318
730 11.0 1.496 7.238
740 11.0 1.456 7.203
750 11.0 1.506 7.243
760 11.0 1.508 7.292
770 11.0 1.579 7.283
780 11.0 1.656 7.366
790 11.0 1.567 7.350
610 31.0 0.271 8.299
620 31.0 0.350 8.097
630 31.0 0.429 7.894
640 31.0 0.508 7.691
650 31.0 0.681 7.488
660 31.0 0.949 7.286
670 31.0 1.217 7.083
680 31.0 1.513 6.909
690 31.0 1.874 7.111
700 31.0 2.084 6.668
710 31.0 2.395 6.284
720 31.0 1.349 6.856
730 31.0 1.465 6.469
740 31.0 1.390 6.416
750 31.0 1.220 6.297
760 31.0 1.663 6.008
770 31.0 1.525 5.571
780 31.0 2.278 5.664
790 31.0 1.542 5.124
800 31.0 1.252 5.009
630 33.0 0.164 6.414
640 33.0 0.439 6.249
650 33.0 0.714 6.084
660 33.0 0.989 5.919
670 33.0 1.115 5.644
680 33.0 1.242 5.370
690 33.0 1.283 5.389
700 33.0 1.324 5.409
710 33.0 1.528 5.354
720 33.0 1.825 5.117
730 33.0 2.101 4.876
740 33.0 2.717 4.657
750 33.0 2.907 4.481
760 33.0 3.504 4.191
770 33.0 2.998 4.439
780 33.0 3.714 3.755
790 33.0 4.328 3.603
800 33.0 4.246 3.788
810 33.0 5.658 2.854
820 33.0 4.975 2.984
690 27.0 3.218 7.225
700 27.0 3.512 7.268
710 27.0 3.805 7.302
720 27.0 4.097 7.294
730 27.0 4.389 7.286
740 27.0 4.683 7.276
750 27.0 5.005 7.243
760 27.0 5.326 7.209
770 27.0 5.679 6.966
780 27.0 6.116 7.459
790 27.0 5.107 7.709
800 27.0 5.482 8.195
810 27.0 5.518 7.464
820 27.0 5.568 7.437
830 27.0 6.600 7.571
840 27.0 6.876 7.513
850 27.0 6.345 7.756
860 27.0 6.479 7.247
870 27.0 6.109 7.712
880 27.0 6.269 7.644
720 29.0 3.996 6.806
730 29.0 4.308 6.721
740 29.0 4.621 6.636
750 29.0 4.927 6.616
760 29.0 5.230 6.623
770 29.0 5.533 6.630
780 29.0 5.839 6.626
790 29.0 6.147 6.596
800 29.0 6.922 6.073
810 29.0 6.592 6.663
820 29.0 6.394 6.310
830 29.0 6.049 6.386
840 29.0 6.415 6.471
850 29.0 5.962 6.495
860 29.0 6.871 6.327
870 29.0 6.665 6.274
880 29.0 6.619 6.453
890 29.0 6.291 6.419
900 29.0 6.968 6.324
910 29.0 6.816 6.180
800 12.0 1.466 7.549
810 12.0 1.467 7.557
820 12.0 1.467 7.566
830 12.0 1.468 7.574
840 12.0 1.468 7.582
850 12.0 1.469 7.591
860 12.0 1.469 7.599
870 12.0 1.470 7.607
880 12.0 1.446 7.675
890 12.0 1.452 7.587
900 12.0 1.397 7.503
910 12.0 1.535 7.562
920 12.0 1.486 7.624
930 12.0 1.460 7.608
940 12.0 1.446 7.637
950 12.0 1.438 7.586
960 12.0 1.449 7.560
970 12.0 1.496 7.562
980 12.0 1.511 7.565
990 12.0 1.493 7.580
810 32.0 5.731 6.722
820 32.0 6.000 6.755
830 32.0 6.260 6.765
840 32.0 6.502 6.720
850 32.0 6.744 6.676
860 32.0 7.012 6.619
870 32.0 7.299 6.553
880 32.0 7.585 6.486
890 32.0 7.001 6.943
900 32.0 7.641 6.767
910 32.0 7.722 6.865
920 32.0 8.453 6.100
930 32.0 8.091 6.636
940 32.0 8.172 6.724
950 32.0 9.010 6.442
960 32.0 8.218 6.877
970 32.0 8.612 6.894
980 32.0 9.363 6.302
990 32.0 9.281 7.104
1000 32.0 9.815 6.402
850 35.0 0.359 8.737
860 35.0 0.468 8.509
870 35.0 0.578 8.281
880 35.0 0.688 8.052
890 35.0 0.798 7.824
900 35.0 1.001 7.531
910 35.0 1.266 7.195
920 35.0 1.531 6.859
930 35.0 1.405 7.579
940 35.0 1.689 6.820
950 35.0 1.869 5.895
960 35.0 2.154 5.300
970 35.0 1.873 5.574
980 35.0 1.759 5.079
990 35.0 2.053 4.416
1000 35.0 2.007 3.943
1010 35.0 2.610 3.694
1020 35.0 2.808 3.908
1030 35.0 2.853 4.528
1040 35.0 3.770 2.985
860 34.0 13.997 10.937
870 34.0 13.946 10.476
880 34.0 13.895 10.016
890 34.0 13.795 9.600
900 34.0 13.646 9.231
910 34.0 13.496 8.861
920 34.0 13.322 8.507
930 34.0 13.112 8.174
940 34.0 13.350 8.241
950 34.0 13.514 7.339
960 34.0 13.731 7.295
970 34.0 13.929 6.323
980 34.0 13.636 6.058
990 34.0 13.747 4.924
1000 34.0 13.944 4.279
1010 34.0 14.118 4.575
1020 34.0 14.201 2.149
1030 34.0 13.670 3.978
1040 34.0 13.682 3.336
1050 34.0 13.890 2.813
1000 13.0 1.251 7.308
1010 13.0 1.212 7.245
1020 13.0 1.174 7.182
1030 13.0 1.135 7.120
1040 13.0 1.126 7.080
1050 13.0 1.147 7.063
1060 13.0 1.168 7.046
1070 13.0 1.190 7.029
1080 13.0 1.110 7.071
1090 13.0 1.131 7.227
1100 13.0 1.116 7.126
1110 13.0 1.179 7.100
1120 13.0 1.208 7.246
1130 13.0 1.229 7.195
1140 13.0 1.285 7.155
1150 13.0 1.327 7.128
1160 13.0 1.417 7.160
1170 13.0 1.403 7.159
1180 13.0 1.410 7.204
1190 13.0 1.429 7.219
1080 36.0 14.863 6.605
1090 36.0 14.400 6.471
1100 36.0 13.937 6.338
1110 36.0 13.410 6.309
1120 36.0 12.877 6.292
1130 36.0 12.352 6.263
1140 36.0 11.905 6.129
1150 36.0 11.457 5.995
1160 36.0 12.082 6.942
1170 36.0 11.606 6.727
1180 36.0 11.827 6.980
1190 36.0 11.324 7.078
1200 36.0 11.241 7.330
1210 36.0 10.828 7.550
1220 36.0 10.897 7.542
1230 36.0 10.935 7.921
1240 36.0 10.758 7.814
1250 36.0 9.194 8.550
1260 36.0 9.247 8.003
1270 36.0 9.267 8.805
1090 37.0 15.313 2.909
1100 37.0 14.756 2.916
1110 37.0 14.200 2.924
1120 37.0 13.643 2.932
1130 37.0 13.099 2.898
1140 37.0 12.567 2.822
1150 37.0 12.035 2.747
1160 37.0 11.504 2.672
1170 37.0 12.615 2.495
1180 37.0 11.641 3.419
1190 37.0 11.626 3.675
1200 37.0 10.703 3.825
1210 37.0 10.328 3.817
1220 37.0 9.996 3.955
1230 37.0 9.378 3.319
1240 37.0 9.684 4.660
1250 37.0 6.762 5.972
1260 37.0 10.577 2.925
1270 37.0 9.765 4.502
1280 37.0 7.883 5.216
1100 38.0 15.048 3.437
1110 38.0 14.438 3.461
1120 38.0 13.828 3.484
1130 38.0 13.217 3.508
1140 38.0 12.654 3.560
1150 38.0 12.091 3.611
1160 38.0 11.528 3.663
1170 38.0 10.980 3.709
1180 38.0 11.263 3.397
1190 38.0 11.219 3.156
1200 38.0 10.492 3.447
1210 38.0 9.951 4.799
1220 38.0 9.659 4.610
1230 38.0 11.910 3.949
1240 38.0 9.213 4.961
1250 38.0 8.507 5.492
1260 38.0 9.373 5.071
1270 38.0 9.908 4.146
1280 38.0 8.746 5.771
1290 38.0 8.683 3.559
1160 39.0 0.411 3.290
1170 39.0 1.010 3.437
1180 39.0 1.609 3.583
1190 39.0 2.171 3.787
1200 39.0 2.716 4.015
1210 39.0 3.294 4.206
1220 39.0 3.904 4.362
1230 39.0 4.480 4.540
1240 39.0 3.095 4.657
1250 39.0 3.065 4.600
1260 39.0 3.969 4.585
1270 39.0 3.690 4.705
1280 39.0 3.291 4.042
1290 39.0 3.230 4.157
1300 39.0 3.028 3.967
1310 39.0 3.531 4.602
1320 39.0 3.840 4.320
1330 39.0 3.275 3.747
1340 39.0 3.730 4.140
1350 39.0 3.794 3.889
1200 14.0 1.465 6.808
1210 14.0 1.600 6.839
1220 14.0 1.810 6.901
1230 14.0 2.020 6.963
1240 14.0 2.269 6.981
1250 14.0 2.521 6.995
1260 14.0 2.774 7.008
1270 14.0 3.019 7.028
1280 14.0 3.517 6.855
1290 14.0 3.666 6.847
1300 14.0 3.426 7.056
1310 14.0 3.077 6.750
1320 14.0 3.774 6.386
1330 14.0 4.678 6.176
1340 14.0 4.315 6.875
1350 14.0 4.726 6.953
1360 14.0 4.677 6.530
1370 14.0 5.230 6.130
1380 14.0 4.824 5.851
1390 14.0 5.318 6.406
1300 40.0 15.227 6.947
1310 40.0 14.676 6.822
1320 40.0 14.124 6.697
1330 40.0 13.560 6.562
1340 40.0 12.984 6.417
1350 40.0 12.392 6.273
1360 40.0 11.738 6.135
1370 40.0 11.092 6.022
1380 40.0 11.714 6.342
1390 40.0 11.237 7.313
1400 40.0 11.076 6.425
1410 40.0 12.669 5.409
1420 40.0 11.540 7.009
1430 40.0 10.314 6.884
1440 40.0 10.425 6.806
1450 40.0 8.624 8.046
1460 40.0 9.008 8.953
1470 40.0 7.581 9.035
1480 40.0 9.749 6.831
1490 40.0 10.079 7.329
1400 15.0 4.860 7.342
1410 15.0 4.805 7.321
1420 15.0 4.749 7.300
1430 15.0 4.693 7.279
1440 15.0 4.536 7.247
1450 15.0 4.378 7.214
1460 15.0 4.220 7.182
1470 15.0 4.062 7.149
1480 15.0 4.065 7.076
1490 15.0 4.255 6.963
1500 15.0 4.214 6.852
1510 15.0 4.325 7.086
1520 15.0 4.367 6.968
1530 15.0 4.452 6.826
1540 15.0 4.412 6.882
1550 15.0 4.360 6.815
1560 15.0 4.279 6.715
1570 15.0 4.453 6.494
1580 15.0 4.352 6.479
1590 15.0 4.216 6.045
1550 41.0 0.117 4.893
1560 41.0 0.631 4.884
1570 41.0 1.144 4.874
1580 41.0 1.650 4.856
1590 41.0 2.146 4.825
1600 41.0 2.642 4.795
1610 41.0 3.145 4.777
1620 41.0 3.665 4.790
1630 41.0 3.587 4.473
1640 41.0 3.777 4.569
1650 41.0 4.128 4.640
1660 41.0 4.651 4.601
1670 41.0 4.019 4.752
1680 41.0 4.409 4.809
1690 41.0 4.380 4.786
1700 41.0 3.108 4.963
1710 41.0 4.276 4.375
1720 41.0 4.546 3.934
1730 41.0 3.701 4.679
1740 41.0 4.358 4.260
1550 42.0 0.119 5.756
1560 42.0 0.612 5.715
1570 42.0 1.105 5.674
1580 42.0 1.598 5.633
1590 42.0 2.097 5.606
1600 42.0 2.606 5.600
1610 42.0 3.114 5.594
1620 42.0 3.622 5.589
1630 42.0 3.629 4.892
1640 42.0 3.379 4.826
1650 42.0 4.244 4.171
1660 42.0 4.594 4.555
1670 42.0 4.201 4.952
1680 42.0 4.530 4.787
1690 42.0 4.066 5.386
1700 42.0 5.431 4.636
1710 42.0 5.291 3.893
1720 42.0 6.060 4.636
1730 42.0 5.977 3.964
1740 42.0 5.466 3.049
1560 43.0 15.010 4.559
1570 43.0 14.343 4.549
1580 43.0 13.677 4.540
1590 43.0 13.036 4.568
1600 43.0 12.422 4.635
1610 43.0 11.807 4.702
1620 43.0 11.193 4.712
1630 43.0 10.579 4.721
1640 43.0 10.711 4.947
1650 43.0 9.859 5.294
1660 43.0 10.600 5.283
1670 43.0 8.538 5.869
1680 43.0 10.610 5.384
1690 43.0 8.728 6.739
1700 43.0 9.814 5.206
1710 43.0 9.629 4.596
1720 43.0 9.766 5.366
1730 43.0 10.694 3.650
1740 43.0 10.077 5.166
1750 43.0 8.702 6.296
1570 44.0 14.612 3.778
1580 44.0 13.943 3.854
1590 44.0 13.274 3.931
1600 44.0 12.623 3.962
1610 44.0 11.984 3.962
1620 44.0 11.345 3.962
1630 44.0 10.720 3.938
1640 44.0 10.096 3.911
1650 44.0 10.768 2.967
1660 44.0 10.985 3.319
1670 44.0 11.369 4.071
1680 44.0 11.076 3.757
1690 44.0 10.796 3.831
1700 44.0 8.490 5.519
1710 44.0 9.482 4.144
1720 44.0 8.094 5.222
1730 44.0 8.778 5.112
1740 44.0 8.405 4.763
1750 44.0 10.502 3.358
1760 44.0 6.086 6.405
1600 16.0 2.254 7.112
1610 16.0 2.162 7.112
1620 16.0 2.069 7.112
1630 16.0 1.976 7.082
1640 16.0 1.882 7.040
1650 16.0 1.789 6.998
1660 16.0 1.696 6.955
1670 16.0 1.625 6.920
1680 16.0 1.342 6.838
1690 16.0 1.676 6.767
1700 16.0 1.356 6.608
1710 16.0 1.139 6.234
1720 16.0 1.383 6.732
1730 16.0 0.665 6.138
1740 16.0 -0.001 6.024
1750 16.0 0.726 6.204
1760 16.0 0.255 6.093
1770 16.0 0.147 6.567
1780 16.0 -0.003 6.130
1790 16.0 0.138 6.450
1660 45.0 0.039 4.026
1670 45.0 0.540 4.051
1680 45.0 1.041 4.075
1690 45.0 1.541 4.100
1700 45.0 2.029 4.130
1710 45.0 2.513 4.162
1720 45.0 2.997 4.194
1730 45.0 3.374 4.373
1740 45.0 3.185 3.725
1750 45.0 2.437 4.183
1760 45.0 3.346 4.041
1770 45.0 4.053 3.954
1780 45.0 3.760 3.339
1790 45.0 4.529 3.148
1800 45.0 4.800 3.267
1810 45.0 3.816 4.026
1820 45.0 4.390 3.368
1830 45.0 4.516 3.032
1840 45.0 4.584 3.244
1850 45.0 3.983 4.311
1660 47.0 -0.016 4.842
1670 47.0 0.459 4.851
1680 47.0 0.935 4.860
1690 47.0 1.410 4.869
1700 47.0 1.899 4.903
1710 47.0 2.387 4.937
1720 47.0 2.866 4.997
1730 47.0 3.305 5.163
1740 47.0 2.557 4.929
1750 47.0 2.869 4.834
1760 47.0 3.471 5.130
1770 47.0 3.555 4.659
1780 47.0 3.028 4.546
1790 47.0 3.520 5.029
1800 47.0 2.732 4.827
1810 47.0 3.186 4.990
1820 47.0 4.097 4.805
1830 47.0 4.043 5.320
1840 47.0 3.780 4.544
1850 47.0 3.535 4.431
1820 49.0 0.208 7.031
1830 49.0 0.395 6.934
1840 49.0 0.582 6.836
1850 49.0 0.774 6.714
1860 49.0 0.973 6.555
1870 49.0 1.172 6.396
1880 49.0 1.370 6.237
1890 49.0 1.535 6.166
1900 49.0 1.635 6.226
1910 49.0 1.786 5.756
1920 49.0 1.584 5.540
1930 49.0 1.760 5.839
1940 49.0 2.795 5.615
1950 49.0 2.250 5.503
1960 49.0 2.634 5.710
1970 49.0 2.986 5.229
1980 49.0 2.325 5.736
1990 49.0 3.202 5.291
2000 49.0 3.168 5.185
2010 49.0 4.324 4.404
1850 52.0 0.168 5.767
1860 52.0 0.379 5.668
1870 52.0 0.589 5.570
1880 52.0 0.800 5.471
1890 52.0 1.010 5.372
1900 52.0 1.231 5.326
1910 52.0 1.463 5.334
1920 52.0 1.694 5.342
1930 52.0 1.192 5.236
1940 52.0 2.014 5.119
1950 52.0 2.520 4.347
1960 52.0 2.894 4.273
1970 52.0 2.677 4.348
1980 52.0 2.365 4.796
1990 52.0 2.568 4.461
2000 52.0 3.479 3.973
2010 52.0 4.218 2.943
2020 52.0 3.695 3.059
2030 52.0 4.123 3.553
2040 52.0 3.959 3.668
1860 46.0 5.609 4.996
1870 46.0 5.643 5.010
1880 46.0 5.677 5.024
1890 46.0 5.732 5.044
1900 46.0 5.872 5.083
1910 46.0 6.012 5.123
1920 46.0 6.079 5.144
1930 46.0 6.127 5.159
1940 46.0 6.238 5.075
1950 46.0 6.362 5.077
1960 46.0 6.476 4.797
1970 46.0 6.596 4.633
1980 46.0 7.105 4.801
1990 46.0 6.583 4.856
2000 46.0 7.225 4.735
2010 46.0 7.303 4.647
2020 46.0 7.411 4.377
2030 46.0 7.835 4.125
2040 46.0 8.271 4.011
2050 46.0 8.594 3.684
1860 48.0 5.382 5.743
1870 48.0 5.393 5.749
1880 48.0 5.404 5.755
1890 48.0 5.415 5.760
1900 48.0 5.426 5.766
1910 48.0 5.437 5.771
1920 48.0 5.448 5.777
1930 48.0 5.459 5.782
1940 48.0 5.472 5.741
1950 48.0 5.486 5.792
1960 48.0 5.496 5.767
1970 48.0 5.534 5.807
1980 48.0 5.590 5.754
1990 48.0 5.647 5.785
2000 48.0 5.698 5.777
2010 48.0 5.685 5.757
2020 48.0 5.653 5.645
2030 48.0 5.647 5.705
2040 48.0 5.640 5.734
2050 48.0 5.742 5.614
2020 50.0 3.670 6.303
2030 50.0 3.709 6.344
2040 50.0 3.749 6.385
2050 50.0 3.788 6.426
2060 50.0 3.828 6.467
2070 50.0 3.977 6.494
2080 50.0 4.289 6.501
2090 50.0 4.602 6.508
2100 50.0 4.610 6.472
2110 50.0 4.696 6.426
2120 50.0 4.706 6.301
2130 50.0 5.127 6.420
2140 50.0 5.177 6.377
2150 50.0 5.258 6.313
2160 50.0 5.344 5.969
2170 50.0 5.899 5.562
2180 50.0 5.474 5.984
2190 50.0 5.968 5.276
2200 50.0 6.419 5.516
2210 50.0 6.016 5.387
2030 54.0 0.410 5.267
2040 54.0 1.147 5.061
2050 54.0 1.865 4.881
2060 54.0 2.538 4.761
2070 54.0 3.213 4.651
2080 54.0 3.891 4.563
2090 54.0 4.569 4.474
2100 54.0 5.275 4.393
2110 54.0 3.989 4.092
2120 54.0 4.587 3.648
2130 54.0 4.867 3.887
2140 54.0 5.443 3.106
2150 54.0 5.187 3.660
2160 54.0 5.557 3.484
2170 54.0 4.813 3.754
2180 54.0 5.752 2.778
2190 54.0 7.959 1.722
2200 54.0 7.415 1.619
2210 54.0 7.395 1.878
2220 54.0 5.075 2.631
2050 53.0 3.884 5.754
2060 53.0 3.995 5.768
2070 53.0 4.185 5.760
2080 53.0 4.494 5.721
2090 53.0 4.802 5.682
2100 53.0 5.110 5.644
2110 53.0 5.420 5.600
2120 53.0 5.741 5.519
2130 53.0 5.210 5.464
2140 53.0 5.387 5.918
2150 53.0 6.265 5.364
2160 53.0 6.596 4.685
2170 53.0 6.201 4.942
2180 53.0 7.038 4.778
2190 53.0 7.001 4.271
2200 53.0 7.712 4.202
2210 53.0 7.905 4.310
2220 53.0 9.100 3.356
2230 53.0 9.715 3.127
2240 53.0 8.608 3.082
2080 55.0 14.714 4.725
2090 55.0 14.045 4.964
2100 55.0 13.445 5.151
2110 55.0 12.861 5.324
2120 55.0 12.272 5.498
2130 55.0 11.679 5.672
2140 55.0 11.086 5.812
2150 55.0 10.495 5.903
2160 55.0 10.087 6.137
2170 55.0 10.141 6.219
2180 55.0 9.041 6.440
2190 55.0 8.802 6.630
2200 55.0 8.722 7.280
2210 55.0 8.153 7.117
2220 55.0 6.414 8.380
2230 55.0 6.293 8.202
2240 55.0 5.332 8.818
2250 55.0 6.290 8.285
2260 55.0 6.805 8.017
2270 55.0 8.149 7.731
2220 51.0 9.098 5.560
2230 51.0 9.421 5.482
2240 51.0 9.698 5.448
2250 51.0 9.976 5.414
2260 51.0 10.253 5.380
2270 51.0 10.530 5.346
2280 51.0 10.808 5.312
2290 51.0 11.085 5.278
2300 51.0 11.000 5.523
2310 51.0 11.108 5.821
2320 51.0 11.288 5.336
2330 51.0 11.238 5.230
2340 51.0 10.990 5.094
2350 51.0 11.820 5.448
2360 51.0 10.954 5.444
2370 51.0 11.526 5.327
2380 51.0 11.373 5.694
2390 51.0 12.044 5.312
2400 51.0 12.169 5.461
2410 51.0 12.403 5.150
2520 56.0 14.971 4.481
2530 56.0 14.478 4.539
2540 56.0 13.984 4.596
2550 56.0 13.491 4.654
2560 56.0 12.928 4.678
2570 56.0 12.365 4.702
2580 56.0 11.802 4.725
2590 56.0 11.239 4.749
2600 56.0 11.299 5.243
2610 56.0 11.275 4.527
2620 56.0 9.882 5.260
2630 56.0 9.113 5.232
2640 56.0 9.643 5.242
2650 56.0 8.585 6.271
2660 56.0 8.201 6.397
2670 56.0 9.231 5.198
2680 56.0 8.916 6.299
2690 56.0 8.567 6.928
2700 56.0 7.771 7.356
2710 56.0 11.097 4.734
2530 57.0 14.721 5.039
2540 57.0 14.217 5.107
2550 57.0 13.713 5.176
2560 57.0 13.140 5.253
2570 57.0 12.521 5.338
2580 57.0 11.902 5.422
2590 57.0 11.303 5.497
2600 57.0 10.782 5.537
2610 57.0 10.748 6.038
2620 57.0 8.894 6.806
2630 57.0 9.203 5.687
2640 57.0 9.351 5.421
2650 57.0 8.764 6.394
2660 57.0 8.165 7.236
2670 57.0 8.378 6.469
2680 57.0 8.537 6.985
2690 57.0 6.498 8.969
2700 57.0 9.289 6.141
2710 57.0 8.164 6.848
2720 57.0 7.822 7.301
2870 58.0 15.036 3.836
2880 58.0 14.528 3.902
2890 58.0 14.020 3.967
2900 58.0 13.512 4.033
2910 58.0 13.053 4.099
2920 58.0 12.593 4.163
2930 58.0 12.134 4.229
2940 58.0 11.634 4.280
2950 58.0 12.045 4.716
2960 58.0 12.057 4.517
2970 58.0 10.974 5.134
2980 58.0 10.333 5.290
2990 58.0 10.025 6.013
3000 58.0 10.553 5.585
3010 58.0 9.691 5.943
3020 58.0 9.413 6.331
3030 58.0 9.695 6.202
3040 58.0 8.716 6.876
3050 58.0 8.715 6.480
3060 58.0 7.633 7.447
2880 59.0 15.024 4.255
2890 59.0 14.568 4.327
2900 59.0 14.112 4.399
2910 59.0 13.653 4.473
2920 59.0 13.173 4.570
2930 59.0 12.693 4.667
2940 59.0 12.213 4.763
2950 59.0 11.777 4.832
2960 59.0 11.881 4.559
2970 59.0 11.000 4.921
2980 59.0 10.455 4.999
2990 59.0 9.743 5.280
3000 59.0 10.132 5.512
3010 59.0 9.223 5.438
3020 59.0 8.333 6.476
3030 59.0 8.585 5.575
3040 59.0 8.073 5.488
3050 59.0 6.637 7.974
3060 59.0 9.989 2.919
3070 59.0 10.942 4.208
2930 60.0 -0.093 5.761
2940 60.0 0.455 5.737
2950 60.0 1.002 5.714
2960 60.0 1.549 5.690
2970 60.0 2.069 5.697
2980 60.0 2.570 5.725
2990 60.0 3.072 5.753
3000 60.0 3.568 5.777
3010 60.0 3.193 5.427
3020 60.0 3.967 5.623
3030 60.0 2.734 5.731
3040 60.0 2.199 5.570
3050 60.0 3.229 5.596
3060 60.0 3.371 5.862
3070 60.0 3.006 5.266
3080 60.0 4.694 4.355
3090 60.0 4.524 5.067
3100 60.0 3.794 5.445
3110 60.0 3.591 5.810
3120 60.0 4.415 5.638
3030 61.0 14.736 4.602
3040 61.0 14.061 4.651
3050 61.0 13.386 4.701
3060 61.0 12.733 4.686
3070 61.0 12.102 4.606
3080 61.0 11.470 4.527
3090 61.0 10.813 4.504
3100 61.0 10.129 4.538
3110 61.0 11.163 4.637
3120 61.0 9.666 5.272
3130 61.0 10.012 5.321
3140 61.0 9.750 5.048
3150 61.0 9.698 5.749
3160 61.0 8.472 5.242
3170 61.0 9.446 4.519
3180 61.0 6.236 6.166
3190 61.0 8.142 6.506
3200 61.0 8.583 5.007
3210 61.0 8.730 5.261
3220 61.0 10.189 3.449
3040 62.0 0.301 4.866
3050 62.0 0.782 4.840
3060 62.0 1.263 4.815
3070 62.0 1.756 4.782
3080 62.0 2.279 4.731
3090 62.0 2.802 4.681
3100 62.0 3.325 4.630
3110 62.0 3.864 4.574
3120 62.0 3.883 4.273
3130 62.0 3.706 3.981
3140 62.0 4.832 4.053
3150 62.0 5.345 3.504
3160 62.0 4.379 3.411
3170 62.0 4.905 3.483
3180 62.0 5.860 3.379
3190 62.0 5.980 3.113
3200 62.0 6.179 2.959
3210 62.0 4.907 3.554
3220 62.0 6.552 2.380
3230 62.0 8.154 1.656
3040 63.0 0.113 4.163
3050 63.0 0.669 4.061
3060 63.0 1.225 3.958
3070 63.0 1.774 3.864
3080 63.0 2.262 3.844
3090 63.0 2.749 3.823
3100 63.0 3.236 3.803
3110 63.0 3.751 3.762
3120 63.0 3.053 3.808
3130 63.0 3.280 3.729
3140 63.0 3.201 3.544
3150 63.0 3.284 3.186
3160 63.0 3.783 3.426
3170 63.0 3.816 3.581
3180 63.0 3.293 3.684
3190 63.0 3.999 3.616
3200 63.0 3.947 3.534
3210 63.0 4.239 3.782
3220 63.0 4.082 3.172
3230 63.0 4.574 3.607
3130 64.0 0.535 4.003
3140 64.0 1.084 4.045
3150 64.0 1.633 4.088
3160 64.0 2.158 4.146
3170 64.0 2.667 4.216
3180 64.0 3.176 4.285
3190 64.0 3.671 4.317
3200 64.0 4.151 4.311
3210 64.0 2.716 3.231
3220 64.0 3.780 2.941
3230 64.0 3.993 3.075
3240 64.0 4.513 2.642
3250 64.0 4.919 2.592
3260 64.0 5.559 2.707
3270 64.0 5.826 2.783
3280 64.0 5.174 1.731
3290 64.0 6.070 1.186
3300 64.0 6.462 1.935
3310 64.0 5.804 1.413
3320 64.0 7.845 1.459
3130 65.0 0.447 3.272
3140 65.0 0.881 3.337
3150 65.0 1.314 3.402
3160 65.0 1.754 3.461
3170 65.0 2.241 3.461
3180 65.0 2.729 3.461
3190 65.0 3.217 3.461
3200 65.0 3.704 3.461
3210 65.0 3.170 3.323
3220 65.0 3.314 3.348
3230 65.0 3.521 2.729
3240 65.0 3.326 3.050
3250 65.0 3.966 2.023
3260 65.0 4.405 2.072
3270 65.0 3.988 2.490
3280 65.0 5.484 1.758
3290 65.0 4.283 1.938
3300 65.0 4.941 2.292
3310 65.0 5.262 1.062
3320 65.0 5.369 1.696
3190 66.0 0.295 3.437
3200 66.0 0.798 3.394
3210 66.0 1.302 3.351
3220 66.0 1.797 3.316
3230 66.0 2.259 3.309
3240 66.0 2.721 3.303
3250 66.0 3.183 3.296
3260 66.0 3.661 3.286
3270 66.0 2.690 3.277
3280 66.0 2.803 3.271
3290 66.0 3.700 3.226
3300 66.0 3.289 3.383
3310 66.0 3.358 3.831
3320 66.0 4.074 3.293
3330 66.0 3.891 4.042
3340 66.0 4.051 4.092
3350 66.0 3.723 3.364
3360 66.0 4.438 2.926
3370 66.0 4.722 3.298
3380 66.0 5.152 3.265
3210 67.0 14.773 3.586
3220 67.0 14.206 3.687
3230 67.0 13.640 3.788
3240 67.0 13.067 3.912
3250 67.0 12.491 4.045
3260 67.0 11.915 4.179
3270 67.0 11.363 4.312
3280 67.0 10.867 4.447
3290 67.0 11.353 4.370
3300 67.0 11.022 4.247
3310 67.0 11.583 4.652
3320 67.0 11.693 4.792
3330 67.0 10.408 5.490
3340 67.0 10.036 5.161
3350 67.0 9.836 5.923
3360 67.0 8.843 6.292
3370 67.0 8.603 6.946
3380 67.0 9.391 6.312
3390 67.0 7.511 7.819
3400 67.0 8.010 7.520
3210 68.0 14.913 4.469
3220 68.0 14.338 4.621
3230 68.0 13.764 4.773
3240 68.0 13.242 4.844
3250 68.0 12.720 4.915
3260 68.0 12.206 4.999
3270 68.0 11.711 5.115
3280 68.0 11.216 5.231
3290 68.0 11.383 5.236
3300 68.0 11.447 4.979
3310 68.0 10.895 5.681
3320 68.0 10.740 5.645
3330 68.0 9.981 6.428
3340 68.0 10.549 5.684
3350 68.0 8.664 6.844
3360 68.0 8.917 6.978
3370 68.0 9.333 6.802
3380 68.0 6.489 8.219
3390 68.0 8.656 6.586
3400 68.0 7.577 7.330
3340 69.0 0.430 3.242
3350 69.0 1.030 3.233
3360 69.0 1.630 3.225
3370 69.0 2.174 3.196
3380 69.0 2.693 3.158
3390 69.0 3.213 3.121
3400 69.0 3.749 3.077
3410 69.0 4.300 3.025
3420 69.0 3.403 2.983
3430 69.0 3.094 2.898
3440 69.0 3.374 2.363
3450 69.0 3.583 3.244
3460 69.0 3.822 2.832
3470 69.0 4.433 2.823
3480 69.0 4.629 2.283
3490 69.0 4.925 2.445
3500 69.0 4.153 1.941
3510 69.0 3.928 2.726
3520 69.0 4.769 2.553
3530 69.0 6.222 2.037
3370 70.0 0.008 4.074
3380 70.0 0.566 4.032
3390 70.0 1.125 3.991
3400 70.0 1.682 3.946
3410 70.0 2.237 3.896
3420 70.0 2.792 3.845
3430 70.0 3.346 3.795
3440 70.0 3.941 3.759
3450 70.0 4.021 3.473
3460 70.0 3.532 3.838
3470 70.0 3.617 3.484
3480 70.0 4.044 3.274
3490 70.0 4.340 3.035
3500 70.0 5.102 1.881
3510 70.0 5.542 2.312
3520 70.0 6.110 1.828
3530 70.0 4.835 2.736
3540 70.0 3.326 3.223
3550 70.0 5.547 3.262
3560 70.0 5.289 2.163
3370 71.0 0.273 6.794
3380 71.0 0.761 6.689
3390 71.0 1.249 6.584
3400 71.0 1.794 6.556
3410 71.0 2.352 6.547
3420 71.0 2.902 6.533
3430 71.0 3.418 6.502
3440 71.0 3.934 6.471
3450 71.0 4.042 6.101
3460 71.0 3.905 6.831
3470 71.0 3.409 6.885
3480 71.0 3.831 6.435
3490 71.0 3.828 6.362
3500 71.0 4.576 5.764
3510 71.0 4.171 6.053
3520 71.0 4.629 5.982
3530 71.0 5.275 5.548
3540 71.0 5.066 5.413
3550 71.0 5.151 5.259
3560 71.0 5.882 5.109
3570 72.0 15.102 3.915
3580 72.0 14.833 4.030
3590 72.0 14.563 4.144
3600 72.0 14.356 4.256
3610 72.0 14.295 4.364
3620 72.0 14.234 4.472
3630 72.0 14.115 4.564
3640 72.0 13.764 4.594
3650 72.0 13.496 4.827
3660 72.0 13.826 4.846
3670 72.0 13.751 5.077
3680 72.0 13.383 5.265
3690 72.0 12.805 5.709
3700 72.0 11.893 6.282
3710 72.0 11.299 6.322
3720 72.0 11.000 6.565
3730 72.0 11.279 6.425
3740 72.0 10.643 6.570
3750 72.0 9.580 7.246
3760 72.0 8.784 7.960
3580 73.0 15.043 4.673
3590 73.0 14.950 4.505
3600 73.0 14.858 4.337
3610 73.0 14.765 4.168
3620 73.0 14.610 4.003
3630 73.0 14.208 3.851
3640 73.0 13.807 3.699
3650 73.0 13.268 3.737
3660 73.0 13.894 3.622
3670 73.0 13.794 3.231
3680 73.0 13.469 4.112
3690 73.0 13.710 3.770
3700 73.0 13.536 4.009
3710 73.0 13.325 3.807
3720 73.0 13.428 3.166
3730 73.0 13.418 3.416
3740 73.0 12.302 4.133
3750 73.0 13.206 3.129
3760 73.0 13.073 3.064
3770 73.0 13.031 3.122
3580 74.0 0.153 8.464
3590 74.0 0.296 8.127
3600 74.0 0.438 7.790
3610 74.0 0.581 7.453
3620 74.0 0.780 7.140
3630 74.0 1.209 6.919
3640 74.0 1.638 6.698
3650 74.0 2.086 6.538
3660 74.0 2.251 6.362
3670 74.0 1.813 6.377
3680 74.0 1.851 5.413
3690 74.0 2.555 5.300
3700 74.0 2.781 5.028
3710 74.0 3.212 4.840
3720 74.0 3.637 3.982
3730 74.0 3.849 4.471
3740 74.0 4.668 4.139
3750 74.0 4.581 4.057
3760 74.0 4.767 3.204
3770 74.0 5.813 3.704
3630 76.0 14.857 4.746
3640 76.0 14.474 4.930
3650 76.0 14.042 5.111
3660 76.0 13.495 5.283
3670 76.0 12.948 5.455
3680 76.0 12.441 5.551
3690 76.0 11.945 5.627
3700 76.0 11.449 5.704
3710 76.0 10.645 6.187
3720 76.0 9.789 6.593
3730 76.0 10.127 6.896
3740 76.0 9.963 7.068
3750 76.0 9.630 6.673
3760 76.0 8.683 7.286
3770 76.0 9.180 6.885
3780 76.0 8.586 7.620
3790 76.0 8.390 7.762
3800 76.0 7.613 7.401
3810 76.0 7.916 7.729
3820 76.0 6.814 8.252
3650 77.0 14.998 4.387
3660 77.0 14.490 4.584
3670 77.0 13.982 4.780
3680 77.0 13.475 4.977
3690 77.0 12.954 5.074
3700 77.0 12.428 5.128
3710 77.0 11.921 5.174
3720 77.0 11.432 5.212
3730 77.0 11.357 5.309
3740 77.0 11.535 5.415
3750 77.0 10.704 5.851
3760 77.0 9.537 6.730
3770 77.0 9.149 7.182
3780 77.0 9.301 6.613
3790 77.0 8.272 6.833
3800 77.0 8.230 7.108
3810 77.0 8.811 7.537
3820 77.0 8.912 6.842
3830 77.0 5.194 9.656
3840 77.0 10.356 7.236
3660 75.0 0.211 6.311
3670 75.0 0.639 5.941
3680 75.0 1.067 5.571
3690 75.0 1.519 5.237
3700 75.0 2.063 5.048
3710 75.0 2.606 4.859
3720 75.0 3.110 4.579
3730 75.0 3.604 4.276
3740 75.0 3.351 4.199
3750 75.0 4.401 3.603
3760 75.0 5.244 3.594
3770 75.0 5.370 3.060
3780 75.0 5.319 3.101
3790 75.0 4.260 3.629
3800 75.0 7.212 1.780
3810 75.0 6.124 2.330
3820 75.0 7.730 1.011
3830 75.0 5.432 2.418
3840 75.0 5.627 3.124
3850 75.0 3.657 2.905
3760 78.0 0.385 4.076
3770 78.0 0.837 4.049
3780 78.0 1.289 4.023
3790 78.0 1.735 4.009
3800 78.0 2.175 4.009
3810 78.0 2.615 4.009
3820 78.0 3.057 4.006
3830 78.0 3.505 3.991
3840 78.0 3.566 3.561
3850 78.0 3.046 3.491
3860 78.0 3.286 4.113
3870 78.0 3.949 3.194
3880 78.0 3.511 4.036
3890 78.0 3.600 3.688
3900 78.0 4.469 3.679
3910 78.0 3.472 3.953
3920 78.0 4.728 2.852
3930 78.0 5.492 2.332
3940 78.0 4.637 2.667
3950 78.0 4.785 2.780
3760 79.0 0.153 3.566
3770 79.0 0.625 3.533
3780 79.0 1.097 3.500
3790 79.0 1.568 3.467
3800 79.0 2.008 3.436
3810 79.0 2.440 3.404
3820 79.0 2.872 3.373
3830 79.0 3.304 3.341
3840 79.0 2.977 3.048
3850 79.0 3.448 3.686
3860 79.0 3.780 3.198
3870 79.0 3.951 3.052
3880 79.0 5.107 2.767
3890 79.0 4.409 2.993
3900 79.0 5.462 2.618
3910 79.0 4.951 2.545
3920 79.0 4.771 3.363
3930 79.0 4.852 3.212
3940 79.0 4.875 2.517
3950 79.0 4.731 2.795
3760 80.0 0.225 2.904
3770 80.0 0.668 2.930
3780 80.0 1.112 2.955
3790 80.0 1.555 2.981
3800 80.0 2.018 2.909
3810 80.0 2.482 2.827
3820 80.0 2.947 2.745
3830 80.0 3.405 2.745
3840 80.0 3.111 3.230
3850 80.0 4.112 2.789
3860 80.0 3.382 2.764
3870 80.0 3.518 3.206
3880 80.0 3.394 2.372
3890 80.0 4.468 2.584
3900 80.0 5.194 2.546
3910 80.0 4.731 2.660
3920 80.0 4.219 2.340
3930 80.0 4.299 2.183
3940 80.0 4.584 1.678
3950 80.0 5.056 2.313
4010 81.0 12.623 12.343
4020 81.0 12.710 12.011
4030 81.0 12.797 11.679
4040 81.0 12.885 11.347
4050 81.0 12.972 11.016
4060 81.0 13.004 10.734
4070 81.0 13.000 10.486
4080 81.0 12.996 10.237
4090 81.0 12.695 10.020
4100 81.0 12.909 9.642
4110 81.0 12.841 10.490
4120 81.0 12.987 9.544
4130 81.0 12.871 9.534
4140 81.0 13.159 9.439
4150 81.0 12.840 8.387
4160 81.0 13.100 8.452
4170 81.0 12.659 7.417
4180 81.0 13.135 6.793
4190 81.0 13.212 6.623
4200 81.0 13.284 6.074
4010 83.0 13.381 12.284
4020 83.0 13.396 12.068
4030 83.0 13.411 11.851
4040 83.0 13.425 11.635
4050 83.0 13.440 11.418
4060 83.0 13.471 11.166
4070 83.0 13.526 10.860
4080 83.0 13.580 10.554
4090 83.0 13.655 9.997
4100 83.0 13.535 9.685
4110 83.0 13.421 9.561
4120 83.0 13.446 9.679
4130 83.0 13.420 8.712
4140 83.0 13.561 8.876
4150 83.0 13.327 7.858
4160 83.0 13.482 8.435
4170 83.0 13.443 7.048
4180 83.0 13.459 6.994
4190 83.0 13.580 7.005
4200 83.0 13.494 5.370
4210 82.0 12.697 6.826
4220 82.0 12.533 6.587
4230 82.0 12.330 6.380
4240 82.0 12.039 6.247
4250 82.0 11.748 6.113
4260 82.0 11.457 5.980
4270 82.0 11.096 5.978
4280 82.0 10.726 5.991
4290 82.0 10.845 5.559
4300 82.0 10.833 5.278
4310 82.0 11.025 5.476
4320 82.0 11.162 4.613
4330 82.0 10.853 3.788
4340 82.0 11.803 4.238
4350 82.0 12.031 3.687
4360 82.0 11.924 2.989
4370 82.0 11.820 2.432
4380 82.0 11.815 2.151
4390 82.0 11.985 1.238
4400 82.0 11.688 0.581
4210 84.0 13.531 6.819
4220 84.0 13.403 6.512
4230 84.0 13.144 6.227
4240 84.0 12.828 5.952
4250 84.0 12.501 5.694
4260 84.0 12.073 5.594
4270 84.0 11.645 5.494
4280 84.0 11.218 5.394
4290 84.0 11.229 5.528
4300 84.0 11.518 5.654
4310 84.0 10.490 5.587
4320 84.0 11.018 4.626
4330 84.0 11.250 4.940
4340 84.0 10.032 5.399
4350 84.0 10.515 5.372
4360 84.0 11.581 6.084
4370 84.0 10.758 5.662
4380 84.0 9.589 4.983
4390 84.0 9.914 5.085
4400 84.0 9.811 5.018
4310 85.0 15.159 6.899
4320 85.0 14.719 6.813
4330 85.0 14.279 6.726
4340 85.0 13.839 6.639
4350 85.0 13.403 6.514
4360 85.0 12.974 6.333
4370 85.0 12.545 6.152
4380 85.0 12.070 6.050
4390 85.0 12.456 6.081
4400 85.0 12.497 5.426
4410 85.0 12.335 4.887
4420 85.0 12.092 5.780
4430 85.0 12.083 6.010
4440 85.0 12.216 5.981
4450 85.0 12.085 6.706
4460 85.0 10.946 6.057
4470 85.0 10.755 6.016
4480 85.0 11.196 7.013
4490 85.0 10.722 5.275
4500 85.0 10.763 7.192
4350 86.0 0.082 3.933
4360 86.0 0.522 3.985
4370 86.0 0.961 4.036
4380 86.0 1.403 4.047
4390 86.0 1.846 4.030
4400 86.0 2.290 4.013
4410 86.0 2.727 3.990
4420 86.0 3.162 3.965
4430 86.0 2.666 4.331
4440 86.0 2.945 4.689
4450 86.0 2.851 4.063
4460 86.0 3.423 4.437
4470 86.0 2.559 4.486
4480 86.0 2.310 4.855
4490 86.0 2.551 5.231
4500 86.0 1.922 4.722
4510 86.0 2.516 5.377
4520 86.0 2.108 4.748
4530 86.0 2.250 4.704
4540 86.0 2.025 4.503
4360 88.0 0.638 2.784
4370 88.0 1.410 2.816
4380 88.0 2.182 2.848
4390 88.0 2.924 2.887
4400 88.0 3.636 2.933
4410 88.0 4.349 2.979
4420 88.0 5.077 2.983
4430 88.0 5.807 2.983
4440 88.0 4.701 2.429
4450 88.0 4.364 2.549
4460 88.0 4.725 2.458
4470 88.0 4.384 2.947
4480 88.0 4.417 2.556
4490 88.0 4.982 2.560
4500 88.0 3.766 2.546
4510 88.0 4.864 2.360
4520 88.0 5.698 2.162
4530 88.0 4.970 2.806
4540 88.0 5.153 2.991
4550 88.0 5.334 1.672
4460 89.0 5.127 4.551
4470 89.0 5.572 4.537
4480 89.0 6.018 4.523
4490 89.0 6.460 4.511
4500 89.0 6.870 4.518
4510 89.0 7.279 4.524
4520 89.0 7.689 4.531
4530 89.0 8.085 4.546
4540 89.0 6.990 4.664
4550 89.0 8.120 4.910
4560 89.0 7.703 5.361
4570 89.0 8.005 4.665
4580 89.0 8.137 4.413
4590 89.0 8.252 4.463
4600 89.0 8.487 4.714
4610 89.0 9.248 4.389
4620 89.0 8.956 4.931
4630 89.0 8.254 4.391
4640 89.0 8.616 4.598
4650 89.0 9.268 4.580
4550 87.0 8.796 3.925
4560 87.0 9.193 3.904
4570 87.0 9.568 3.903
4580 87.0 9.889 3.945
4590 87.0 10.211 3.987
4600 87.0 10.533 4.029
4610 87.0 10.835 4.158
4620 87.0 11.134 4.296
4630 87.0 11.200 3.721
4640 87.0 11.108 3.875
4650 87.0 11.192 3.646
4660 87.0 10.777 4.001
4670 87.0 11.179 3.628
4680 87.0 10.826 3.933
4690 87.0 11.162 3.582
4700 87.0 11.854 3.457
4710 87.0 12.314 3.541
4720 87.0 12.497 3.829
4730 87.0 12.390 3.949
4740 87.0 11.988 3.866
4670 90.0 0.524 4.111
4680 90.0 1.109 4.171
4690 90.0 1.693 4.230
4700 90.0 2.278 4.290
4710 90.0 2.821 4.201
4720 90.0 3.359 4.096
4730 90.0 3.898 3.991
4740 90.0 4.438 3.955
4750 90.0 4.073 3.635
4760 90.0 3.153 3.836
4770 90.0 3.684 3.565
4780 90.0 5.015 3.204
4790 90.0 4.404 3.900
4800 90.0 3.771 4.011
4810 90.0 3.995 3.742
4820 90.0 5.535 3.283
4830 90.0 5.860 3.279
4840 90.0 5.725 3.511
4850 90.0 5.936 3.496
4860 90.0 4.655 4.322
4750 91.0 14.721 4.652
4760 91.0 14.107 4.600
4770 91.0 13.509 4.541
4780 91.0 12.969 4.453
4790 91.0 12.429 4.366
4800 91.0 11.882 4.321
4810 91.0 11.309 4.447
4820 91.0 10.736 4.573
4830 91.0 10.839 4.495
4840 91.0 10.969 4.853
4850 91.0 11.211 5.218
4860 91.0 10.156 5.579
4870 91.0 9.594 5.534
4880 91.0 9.026 6.357
4890 91.0 10.099 5.048
4900 91.0 9.718 4.473
4910 91.0 9.435 5.320
4920 91.0 8.307 5.299
4930 91.0 6.938 6.621
4940 91.0 8.192 6.040
4750 92.0 15.048 5.179
4760 92.0 14.502 5.209
4770 92.0 13.957 5.239
4780 92.0 13.411 5.268
4790 92.0 12.832 5.299
4800 92.0 12.245 5.331
4810 92.0 11.657 5.362
4820 92.0 11.070 5.394
4830 92.0 10.537 5.741
4840 92.0 10.185 6.002
4850 92.0 9.586 6.552
4860 92.0 9.573 6.226
4870 92.0 9.290 7.296
4880 92.0 10.130 6.919
4890 92.0 9.612 7.139
4900 92.0 9.218 7.140
4910 92.0 8.546 7.501
4920 92.0 8.436 7.694
4930 92.0 8.088 8.436
4940 92.0 9.643 7.205
4820 93.0 15.271 4.353
4830 93.0 14.556 4.449
4840 93.0 13.840 4.544
4850 93.0 13.130 4.644
4860 93.0 12.471 4.779
4870 93.0 11.811 4.914
4880 93.0 11.155 5.047
4890 93.0 10.530 5.159
4900 93.0 10.702 4.986
4910 93.0 10.400 5.689
4920 93.0 9.924 5.766
4930 93.0 9.273 5.986
4940 93.0 9.528 5.659
4950 93.0 10.653 5.303
4960 93.0 10.300 5.609
4970 93.0 8.863 6.823
4980 93.0 6.897 7.881
4990 93.0 8.222 7.483
5000 93.0 7.634 7.043
5010 93.0 7.810 7.170
5000 94.0 15.024 3.889
5010 94.0 14.634 3.896
5020 94.0 14.244 3.904
5030 94.0 13.854 3.910
5040 94.0 13.600 3.903
5050 94.0 13.482 3.880
5060 94.0 13.363 3.858
5070 94.0 13.236 3.842
5080 94.0 13.667 3.601
5090 94.0 12.878 4.213
5100 94.0 13.016 4.333
5110 94.0 12.681 4.512
5120 94.0 12.363 4.820
5130 94.0 12.062 4.492
5140 94.0 12.071 4.600
5150 94.0 11.781 5.185
5160 94.0 10.364 5.556
5170 94.0 10.331 5.477
5180 94.0 9.419 5.546
5190 94.0 9.652 5.189
5030 97.0 14.917 7.485
5040 97.0 14.587 7.163
5050 97.0 14.270 6.855
5060 97.0 14.059 6.665
5070 97.0 13.849 6.476
5080 97.0 13.645 6.292
5090 97.0 13.471 6.128
5100 97.0 13.297 5.964
5110 97.0 13.942 6.357
5120 97.0 13.852 5.823
5130 97.0 14.327 5.129
5140 97.0 14.221 4.871
5150 97.0 14.041 3.673
5160 97.0 14.152 3.442
5170 97.0 14.347 2.641
5180 97.0 14.519 3.008
5190 97.0 14.690 1.732
5200 97.0 14.421 1.891
5210 97.0 14.933 0.097
5220 97.0 14.505 -2.222
5040 100.0 15.144 7.370
5050 100.0 14.905 7.023
5060 100.0 14.666 6.676
5070 100.0 14.432 6.345
5080 100.0 14.208 6.037
5090 100.0 13.984 5.729
5100 100.0 13.742 5.462
5110 100.0 13.456 5.291
5120 100.0 13.584 5.881
5130 100.0 13.123 5.178
5140 100.0 13.259 5.111
5150 100.0 13.248 4.745
5160 100.0 13.435 3.784
5170 100.0 13.573 4.273
5180 100.0 13.170 3.904
5190 100.0 13.935 2.999
5200 100.0 13.632 1.773
5210 100.0 14.203 0.731
5220 100.0 13.434 -0.290
5230 100.0 14.144 1.508
5060 103.0 0.183 3.930
5070 103.0 0.671 4.007
5080 103.0 1.160 4.084
5090 103.0 1.643 4.150
5100 103.0 2.074 4.126
5110 103.0 2.506 4.103
5120 103.0 2.937 4.079
5130 103.0 3.372 4.050
5140 103.0 3.388 4.000
5150 103.0 3.776 4.230
5160 103.0 3.981 3.994
5170 103.0 3.225 3.657
5180 103.0 3.581 3.982
5190 103.0 3.903 3.685
5200 103.0 4.213 3.551
5210 103.0 4.698 4.399
5220 103.0 3.684 4.049
5230 103.0 5.673 3.396
5240 103.0 4.235 3.637
5250 103.0 4.655 3.504
5090 104.0 0.003 3.856
5100 104.0 0.522 3.941
5110 104.0 1.040 4.026
5120 104.0 1.559 4.112
5130 104.0 2.050 4.163
5140 104.0 2.535 4.207
5150 104.0 3.020 4.250
5160 104.0 3.500 4.278
5170 104.0 3.077 4.237
5180 104.0 3.815 3.796
5190 104.0 3.645 4.537
5200 104.0 3.294 3.057
5210 104.0 4.116 3.100
5220 104.0 4.600 2.875
5230 104.0 4.966 3.162
5240 104.0 4.884 2.774
5250 104.0 5.176 2.642
5260 104.0 5.615 2.499
5270 104.0 5.237 2.700
5280 104.0 5.122 2.196
5090 105.0 15.168 6.987
5100 105.0 14.839 6.927
5110 105.0 14.510 6.867
5120 105.0 14.181 6.808
5130 105.0 13.906 6.744
5140 105.0 13.683 6.676
5150 105.0 13.461 6.608
5160 105.0 13.238 6.539
5170 105.0 13.884 5.987
5180 105.0 14.160 5.879
5190 105.0 14.055 5.868
5200 105.0 14.291 5.890
5210 105.0 14.046 5.947
5220 105.0 13.815 5.970
5230 105.0 14.115 5.660
5240 105.0 13.703 5.182
5250 105.0 13.405 5.113
5260 105.0 13.929 4.712
5270 105.0 14.655 3.642
5280 105.0 14.588 3.378
5100 107.0 15.069 6.110
5110 107.0 14.817 6.126
5120 107.0 14.564 6.141
5130 107.0 14.312 6.157
5140 107.0 14.077 6.028
5150 107.0 13.843 5.898
5160 107.0 13.608 5.769
5170 107.0 13.289 5.630
5180 107.0 13.119 5.693
5190 107.0 12.867 6.062
5200 107.0 12.553 5.910
5210 107.0 12.579 5.860
5220 107.0 11.956 5.772
5230 107.0 12.039 5.143
5240 107.0 12.246 6.116
5250 107.0 12.258 5.962
5260 107.0 11.375 6.654
5270 107.0 10.569 6.054
5280 107.0 11.523 6.331
5290 107.0 11.194 7.232
5120 111.0 0.341 2.907
5130 111.0 0.687 2.899
5140 111.0 1.033 2.890
5150 111.0 1.164 2.893
5160 111.0 1.203 2.900
5170 111.0 1.241 2.908
5180 111.0 1.280 2.915
5190 111.0 1.319 2.922
5200 111.0 1.087 3.167
5210 111.0 1.166 2.975
5220 111.0 1.161 3.080
5230 111.0 1.957 3.000
5240 111.0 2.251 2.712
5250 111.0 2.821 2.746
5260 111.0 2.763 2.228
5270 111.0 2.457 2.877
5280 111.0 3.173 2.417
5290 111.0 3.540 2.466
5300 111.0 3.417 2.515
5310 111.0 4.753 2.700
5130 109.0 0.147 6.730
5140 109.0 0.491 6.452
5150 109.0 0.835 6.173
5160 109.0 1.179 5.895
5170 109.0 1.575 5.790
5180 109.0 1.971 5.684
5190 109.0 2.367 5.579
5200 109.0 2.806 5.443
5210 109.0 3.921 4.494
5220 109.0 3.794 4.764
5230 109.0 3.808 4.645
5240 109.0 4.827 3.976
5250 109.0 4.726 4.069
5260 109.0 4.875 3.830
5270 109.0 5.462 3.094
5280 109.0 5.996 3.131
5290 109.0 5.149 3.745
5300 109.0 5.589 3.468
5310 109.0 5.280 3.289
5320 109.0 8.424 0.715
5150 110.0 0.189 5.799
5160 110.0 0.649 5.587
5170 110.0 1.109 5.375
5180 110.0 1.557 5.212
5190 110.0 1.978 5.162
5200 110.0 2.399 5.113
5210 110.0 2.831 5.000
5220 110.0 3.279 4.793
5230 110.0 4.561 4.208
5240 110.0 4.158 4.441
5250 110.0 5.193 4.256
5260 110.0 4.787 3.417
5270 110.0 4.695 3.631
5280 110.0 6.241 2.471
5290 110.0 7.596 2.276
5300 110.0 6.536 2.875
5310 110.0 6.862 2.112
5320 110.0 8.848 2.290
5330 110.0 9.725 1.091
5340 110.0 7.504 2.145
5200 95.0 10.273 4.101
5210 95.0 9.964 4.152
5220 95.0 9.656 4.203
5230 95.0 9.347 4.254
5240 95.0 9.037 4.304
5250 95.0 8.777 4.378
5260 95.0 8.537 4.461
5270 95.0 8.297 4.545
5280 95.0 7.962 4.775
5290 95.0 7.498 4.874
5300 95.0 6.927 4.989
5310 95.0 7.047 5.126
5320 95.0 6.327 5.755
5330 95.0 5.918 6.045
5340 95.0 6.387 5.794
5350 95.0 5.184 6.264
5360 95.0 3.786 6.970
5370 95.0 4.591 6.140
5380 95.0 3.702 6.679
5390 95.0 6.277 5.843
5230 98.0 10.049 5.719
5240 98.0 9.804 5.773
5250 98.0 9.574 5.819
5260 98.0 9.359 5.857
5270 98.0 9.145 5.895
5280 98.0 8.930 5.933
5290 98.0 8.715 5.971
5300 98.0 8.503 6.072
5310 98.0 8.550 5.883
5320 98.0 8.303 5.576
5330 98.0 8.332 5.510
5340 98.0 8.252 5.832
5350 98.0 7.941 5.710
5360 98.0 7.646 6.244
5370 98.0 8.336 5.534
5380 98.0 7.530 5.841
5390 98.0 7.305 6.193
5400 98.0 6.751 5.948
5410 98.0 7.057 6.011
5420 98.0 7.852 6.432
5240 101.0 9.674 4.994
5250 101.0 9.438 5.043
5260 101.0 9.202 5.091
5270 101.0 8.965 5.140
5280 101.0 8.731 5.198
5290 101.0 8.504 5.295
5300 101.0 8.278 5.391
5310 101.0 8.051 5.487
5320 101.0 8.608 5.186
5330 101.0 8.343 5.547
5340 101.0 7.847 5.758
5350 101.0 7.298 6.143
5360 101.0 7.221 5.942
5370 101.0 6.620 6.640
5380 101.0 6.578 6.550
5390 101.0 6.365 6.605
5400 101.0 5.646 7.088
5410 101.0 4.896 7.286
5420 101.0 4.247 7.732
5430 101.0 4.881 7.307
5290 106.0 9.454 4.790
5300 106.0 9.155 4.809
5310 106.0 8.856 4.828
5320 106.0 8.555 4.837
5330 106.0 8.234 4.762
5340 106.0 7.912 4.687
5350 106.0 7.591 4.611
5360 106.0 7.263 4.565
5370 106.0 7.868 4.865
5380 106.0 7.485 5.381
5390 106.0 7.273 5.361
5400 106.0 6.952 5.534
5410 106.0 6.444 5.626
5420 106.0 6.427 5.241
5430 106.0 6.211 5.694
5440 106.0 6.436 5.564
5450 106.0 6.505 5.562
5460 106.0 5.675 5.939
5470 106.0 5.042 6.277
5480 106.0 4.672 6.319
5290 113.0 0.414 3.612
5300 113.0 0.948 3.629
5310 113.0 1.481 3.646
5320 113.0 1.957 3.616
5330 113.0 2.408 3.565
5340 113.0 2.859 3.513
5350 113.0 3.329 3.469
5360 113.0 3.801 3.426
5370 113.0 4.012 2.615
5380 113.0 3.976 3.039
5390 113.0 3.740 2.793
5400 113.0 4.165 2.932
5410 113.0 3.445 2.698
5420 113.0 3.611 2.806
5430 113.0 4.778 2.708
5440 113.0 5.466 2.448
5450 113.0 4.142 2.310
5460 113.0 4.961 2.504
5470 113.0 5.254 2.342
5480 113.0 7.501 1.919
5300 108.0 9.168 3.893
5310 108.0 8.812 3.906
5320 108.0 8.455 3.919
5330 108.0 8.098 3.933
5340 108.0 7.734 3.924
5350 108.0 7.364 3.901
5360 108.0 6.995 3.877
5370 108.0 6.625 3.854
5380 108.0 5.946 4.260
5390 108.0 6.251 4.060
5400 108.0 6.228 3.785
5410 108.0 5.680 4.111
5420 108.0 5.639 4.373
5430 108.0 5.408 4.120
5440 108.0 4.324 4.722
5450 108.0 4.495 4.884
5460 108.0 3.869 5.940
5470 108.0 4.102 5.497
5480 108.0 2.928 6.723
5490 108.0 3.355 5.687
5320 112.0 3.630 3.116
5330 112.0 4.188 3.058
5340 112.0 4.745 3.000
5350 112.0 5.285 2.973
5360 112.0 5.783 3.016
5370 112.0 6.282 3.061
5380 112.0 6.780 3.104
5390 112.0 7.290 3.123
5400 112.0 7.794 2.485
5410 112.0 8.301 2.069
5420 112.0 7.819 2.800
5430 112.0 7.795 2.790
5440 112.0 7.725 2.772
5450 112.0 8.058 2.240
5460 112.0 8.257 2.404
5470 112.0 9.658 2.489
5480 112.0 7.684 2.749
5490 112.0 7.651 2.516
5500 112.0 7.718 2.824
5510 112.0 7.198 3.165
5320 114.0 0.441 3.751
5330 114.0 0.943 3.758
5340 114.0 1.445 3.766
5350 114.0 1.944 3.762
5360 114.0 2.437 3.740
5370 114.0 2.931 3.717
5380 114.0 3.410 3.678
5390 114.0 3.830 3.574
5400 114.0 3.702 2.935
5410 114.0 3.752 3.214
5420 114.0 3.498 3.234
5430 114.0 4.285 2.138
5440 114.0 5.029 2.104
5450 114.0 4.353 2.574
5460 114.0 6.242 1.483
5470 114.0 5.312 2.111
5480 114.0 6.273 1.181
5490 114.0 6.629 0.474
5500 114.0 7.526 0.161
5510 114.0 6.979 0.008
5320 115.0 0.517 4.335
5330 115.0 1.087 4.366
5340 115.0 1.657 4.397
5350 115.0 2.184 4.399
5360 115.0 2.646 4.360
5370 115.0 3.108 4.320
5380 115.0 3.570 4.280
5390 115.0 3.986 4.147
5400 115.0 4.032 4.185
5410 115.0 3.916 4.363
5420 115.0 3.888 4.580
5430 115.0 4.037 4.096
5440 115.0 4.092 4.087
5450 115.0 4.834 3.885
5460 115.0 5.233 3.063
5470 115.0 5.315 2.973
5480 115.0 5.357 3.361
5490 115.0 6.140 2.871
5500 115.0 5.557 3.465
5510 115.0 5.363 3.433
5320 116.0 14.920 6.824
5330 116.0 14.385 6.694
5340 116.0 13.850 6.565
5350 116.0 13.277 6.400
5360 116.0 12.693 6.227
5370 116.0 12.116 6.093
5380 116.0 11.542 5.986
5390 116.0 10.969 5.879
5400 116.0 11.803 6.232
5410 116.0 12.287 5.592
5420 116.0 11.856 6.546
5430 116.0 11.732 6.340
5440 116.0 11.661 6.099
5450 116.0 11.623 7.083
5460 116.0 9.854 8.701
5470 116.0 9.065 9.410
5480 116.0 9.806 8.149
5490 116.0 8.433 9.823
5500 116.0 9.773 8.835
5510 116.0 9.236 7.726
5340 117.0 12.081 12.386
5350 117.0 12.070 12.148
5360 117.0 12.060 11.909
5370 117.0 12.050 11.670
5380 117.0 12.040 11.432
5390 117.0 12.036 11.288
5400 117.0 12.033 11.155
5410 117.0 12.031 11.022
5420 117.0 12.115 10.371
5430 117.0 11.870 9.500
5440 117.0 12.046 9.291
5450 117.0 12.166 9.123
5460 117.0 11.867 7.951
5470 117.0 12.106 7.405
5480 117.0 11.984 7.360
5490 117.0 12.243 7.336
5500 117.0 12.211 5.861
5510 117.0 11.905 5.522
5520 117.0 12.002 4.600
5530 117.0 11.949 3.896
5370 120.0 15.050 4.230
5380 120.0 14.624 4.291
5390 120.0 14.197 4.352
5400 120.0 13.771 4.413
5410 120.0 13.345 4.475
5420 120.0 12.865 4.562
5430 120.0 12.372 4.656
5440 120.0 11.879 4.751
5450 120.0 11.813 4.986
5460 120.0 11.306 5.248
5470 120.0 11.643 5.595
5480 120.0 10.367 6.121
5490 120.0 9.909 6.507
5500 120.0 10.161 6.192
5510 120.0 10.027 6.102
5520 120.0 7.985 7.719
5530 120.0 9.116 7.152
5540 120.0 9.341 6.731
5550 120.0 8.999 7.233
5560 120.0 7.935 8.076
5370 122.0 15.148 3.094
5380 122.0 14.676 3.202
5390 122.0 14.204 3.311
5400 122.0 13.732 3.419
5410 122.0 13.268 3.505
5420 122.0 12.817 3.556
5430 122.0 12.366 3.607
5440 122.0 11.915 3.658
5450 122.0 10.819 4.696
5460 122.0 10.378 4.417
5470 122.0 10.398 4.662
5480 122.0 10.239 5.168
5490 122.0 9.599 6.100
5500 122.0 10.364 4.996
5510 122.0 9.015 6.002
5520 122.0 7.938 5.986
5530 122.0 8.614 5.623
5540 122.0 9.299 5.970
5550 122.0 6.958 7.466
5560 122.0 7.224 6.851
5380 124.0 15.006 3.842
5390 124.0 14.564 3.834
5400 124.0 14.121 3.826
5410 124.0 13.680 3.831
5420 124.0 13.253 3.953
5430 124.0 12.826 4.076
5440 124.0 12.400 4.199
5450 124.0 11.975 4.291
5460 124.0 11.553 4.943
5470 124.0 11.626 4.736
5480 124.0 11.386 4.854
5490 124.0 11.396 5.184
5500 124.0 10.593 5.553
5510 124.0 10.421 5.452
5520 124.0 8.996 6.529
5530 124.0 9.437 5.346
5540 124.0 8.371 7.145
5550 124.0 8.390 6.741
5560 124.0 7.969 7.043
5570 124.0 7.668 7.275
5400 96.0 5.324 5.492
5410 96.0 5.053 5.573
5420 96.0 4.782 5.654
5430 96.0 4.510 5.735
5440 96.0 4.263 5.796
5450 96.0 4.108 5.780
5460 96.0 3.954 5.764
5470 96.0 3.800 5.749
5480 96.0 3.683 5.957
5490 96.0 3.188 6.024
5500 96.0 3.091 6.489
5510 96.0 2.608 6.666
5520 96.0 2.051 7.255
5530 96.0 2.092 7.247
5540 96.0 2.473 7.044
5550 96.0 1.520 7.334
5560 96.0 0.530 7.919
5570 96.0 0.287 8.277
5580 96.0 -0.541 8.934
5590 96.0 -1.195 8.530
5410 126.0 14.920 3.331
5420 126.0 14.476 3.467
5430 126.0 14.033 3.604
5440 126.0 13.604 3.736
5450 126.0 13.210 3.859
5460 126.0 12.817 3.983
5470 126.0 12.420 4.099
5480 126.0 12.011 4.188
5490 126.0 11.649 4.550
5500 126.0 12.061 4.375
5510 126.0 11.564 4.546
5520 126.0 10.257 5.237
5530 126.0 9.532 5.901
5540 126.0 9.259 5.759
5550 126.0 8.664 6.410
5560 126.0 8.173 6.783
5570 126.0 7.840 6.857
5580 126.0 8.599 5.969
5590 126.0 8.499 6.153
5600 126.0 7.368 6.546
5420 127.0 14.768 4.157
5430 127.0 14.334 4.262
5440 127.0 13.900 4.366
5450 127.0 13.477 4.465
5460 127.0 13.079 4.551
5470 127.0 12.682 4.637
5480 127.0 12.284 4.724
5490 127.0 11.882 4.820
5500 127.0 11.747 5.109
5510 127.0 11.603 5.363
5520 127.0 11.011 5.877
5530 127.0 10.448 6.066
5540 127.0 10.013 6.281
5550 127.0 9.904 6.650
5560 127.0 9.297 6.646
5570 127.0 8.354 7.570
5580 127.0 8.993 7.400
5590 127.0 8.410 7.956
5600 127.0 8.041 8.341
5610 127.0 9.239 7.842
5430 99.0 5.566 7.165
5440 99.0 5.376 7.199
5450 99.0 5.186 7.234
5460 99.0 4.971 7.279
5470 99.0 4.719 7.339
5480 99.0 4.466 7.398
5490 99.0 4.214 7.458
5500 99.0 3.936 7.510
5510 99.0 3.888 7.445
5520 99.0 3.631 7.706
5530 99.0 3.876 7.441
5540 99.0 2.885 7.567
5550 99.0 3.265 7.846
5560 99.0 2.696 7.916
5570 99.0 2.706 8.007
5580 99.0 1.806 8.575
5590 99.0 1.951 8.760
5600 99.0 1.681 8.821
5610 99.0 1.950 8.968
5620 99.0 0.916 9.633
5430 129.0 0.316 2.630
5440 129.0 0.846 2.653
5450 129.0 1.375 2.676
5460 129.0 1.904 2.697
5470 129.0 2.425 2.697
5480 129.0 2.947 2.697
5490 129.0 3.468 2.697
5500 129.0 3.989 2.697
5510 129.0 3.052 2.137
5520 129.0 3.478 2.264
5530 129.0 3.755 2.374
5540 129.0 3.005 3.060
5550 129.0 3.166 3.070
5560 129.0 2.758 3.106
5570 129.0 2.640 2.808
5580 129.0 3.077 2.880
5590 129.0 2.951 2.706
5600 129.0 3.145 2.325
5610 129.0 3.139 1.939
5620 129.0 3.633 2.156
5430 130.0 0.316 3.580
5440 130.0 0.807 3.553
5450 130.0 1.298 3.527
5460 130.0 1.789 3.500
5470 130.0 2.273 3.479
5480 130.0 2.747 3.466
5490 130.0 3.220 3.453
5500 130.0 3.694 3.439
5510 130.0 2.907 2.897
5520 130.0 3.948 2.630
5530 130.0 4.250 2.978
5540 130.0 4.141 2.965
5550 130.0 3.380 3.211
5560 130.0 4.443 2.846
5570 130.0 5.048 2.420
5580 130.0 4.104 2.773
5590 130.0 5.437 2.124
5600 130.0 4.677 2.259
5610 130.0 5.317 1.918
5620 130.0 5.201 3.121
5440 102.0 5.144 6.550
5450 102.0 4.944 6.613
5460 102.0 4.714 6.629
5470 102.0 4.485 6.645
5480 102.0 4.255 6.661
5490 102.0 4.026 6.678
5500 102.0 3.767 6.700
5510 102.0 3.495 6.725
5520 102.0 3.332 6.625
5530 102.0 2.893 6.895
5540 102.0 2.288 6.763
5550 102.0 1.069 7.459
5560 102.0 1.194 7.435
5570 102.0 0.989 7.500
5580 102.0 1.342 7.592
5590 102.0 1.010 7.942
5600 102.0 0.595 8.091
5610 102.0 -0.426 9.214
5620 102.0 -1.274 9.697
5630 102.0 -1.151 9.988
5540 118.0 12.211 7.818
5550 118.0 12.221 7.494
5560 118.0 12.231 7.170
5570 118.0 12.241 6.846
5580 118.0 12.219 6.551
5590 118.0 12.067 6.369
5600 118.0 11.916 6.188
5610 118.0 11.576 6.076
5620 118.0 11.927 6.109
5630 118.0 12.238 5.830
5640 118.0 12.112 4.693
5650 118.0 12.180 4.873
5660 118.0 12.257 4.341
5670 118.0 12.249 3.732
5680 118.0 12.264 3.087
5690 118.0 12.074 2.645
5700 118.0 12.185 2.585
5710 118.0 12.115 1.341
5720 118.0 12.120 1.319
5730 118.0 12.029 1.202
5570 121.0 6.791 5.064
5580 121.0 6.448 5.020
5590 121.0 6.099 4.983
5600 121.0 5.749 4.945
5610 121.0 5.400 4.907
5620 121.0 5.051 4.869
5630 121.0 4.715 4.901
5640 121.0 4.379 4.933
5650 121.0 4.654 5.166
5660 121.0 4.871 4.807
5670 121.0 4.416 5.087
5680 121.0 4.344 5.080
5690 121.0 4.347 5.016
5700 121.0 3.943 5.220
5710 121.0 3.418 5.445
5720 121.0 3.230 5.869
5730 121.0 2.855 5.598
5740 121.0 2.705 5.872
5750 121.0 1.310 6.582
5760 121.0 1.624 6.709
5570 123.0 7.006 4.334
5580 123.0 6.667 4.255
5590 123.0 6.320 4.126
5600 123.0 5.973 3.997
5610 123.0 5.626 3.868
5620 123.0 5.263 3.755
5630 123.0 4.896 3.646
5640 123.0 4.529 3.537
5650 123.0 5.166 3.961
5660 123.0 4.716 4.388
5670 123.0 4.565 3.968
5680 123.0 5.180 4.296
5690 123.0 4.815 4.122
5700 123.0 4.325 4.123
5710 123.0 4.924 3.625
5720 123.0 4.539 3.941
5730 123.0 4.548 3.428
5740 123.0 4.210 3.710
5750 123.0 4.616 3.881
5760 123.0 4.740 3.918
5580 125.0 7.044 4.940
5590 125.0 6.712 4.940
5600 125.0 6.405 4.894
5610 125.0 6.125 4.803
5620 125.0 5.844 4.711
5630 125.0 5.563 4.619
5640 125.0 5.193 4.511
5650 125.0 4.763 4.391
5660 125.0 4.481 4.793
5670 125.0 5.209 4.474
5680 125.0 4.858 4.962
5690 125.0 4.899 5.074
5700 125.0 4.609 5.159
5710 125.0 4.748 5.040
5720 125.0 4.742 5.307
5730 125.0 3.859 5.545
5740 125.0 3.794 4.748
5750 125.0 2.384 5.853
5760 125.0 2.727 5.143
5770 125.0 3.153 5.365
5620 128.0 6.307 6.732
5630 128.0 5.838 6.784
5640 128.0 5.369 6.827
5650 128.0 4.899 6.870
5660 128.0 4.429 6.913
5670 128.0 3.999 6.930
5680 128.0 3.578 6.941
5690 128.0 3.157 6.952
5700 128.0 2.951 7.231
5710 128.0 2.620 7.411
5720 128.0 2.722 7.246
5730 128.0 2.088 7.606
5740 128.0 1.547 7.193
5750 128.0 1.159 7.112
5760 128.0 0.450 7.927
5770 128.0 -0.631 9.416
5780 128.0 0.619 8.153
5790 128.0 -0.683 9.728
5800 128.0 -0.110 8.604
5810 128.0 -0.152 8.752
5710 131.0 14.964 2.530
5720 131.0 14.486 2.631
5730 131.0 14.008 2.732
5740 131.0 13.529 2.834
5750 131.0 13.062 2.860
5760 131.0 12.600 2.855
5770 131.0 12.138 2.850
5780 131.0 11.676 2.845
5790 131.0 12.040 3.094
5800 131.0 11.795 3.079
5810 131.0 11.476 2.953
5820 131.0 11.981 2.751
5830 131.0 11.198 2.873
5840 131.0 12.646 2.820
5850 131.0 11.417 3.029
5860 131.0 10.675 3.683
5870 131.0 11.022 3.463
5880 131.0 9.988 4.060
5890 131.0 9.923 4.339
5900 131.0 9.370 4.373
5740 119.0 6.765 7.013
5750 119.0 6.391 6.993
5760 119.0 6.017 6.973
5770 119.0 5.643 6.953
5780 119.0 5.285 6.948
5790 119.0 4.937 6.954
5800 119.0 4.590 6.959
5810 119.0 4.242 6.965
5820 119.0 4.543 6.760
5830 119.0 3.652 7.539
5840 119.0 3.267 7.307
5850 119.0 3.880 7.475
5860 119.0 3.909 7.678
5870 119.0 3.472 8.475
5880 119.0 3.173 8.506
5890 119.0 2.911 8.571
5900 119.0 3.071 8.357
5910 119.0 1.175 9.051
5920 119.0 0.973 9.101
5930 119.0 1.308 8.987
5860 132.0 0.479 5.797
5870 132.0 0.888 5.790
5880 132.0 1.297 5.783
5890 132.0 1.706 5.776
5900 132.0 2.105 5.744
5910 132.0 2.503 5.710
5920 132.0 2.901 5.675
5930 132.0 3.299 5.640
5940 132.0 3.435 5.757
5950 132.0 3.341 5.833
5960 132.0 4.095 5.064
5970 132.0 4.266 5.721
5980 132.0 4.583 5.597
5990 132.0 3.075 5.659
6000 132.0 3.998 6.268
6010 132.0 3.119 6.033
6020 132.0 4.526 5.847
6030 132.0 4.278 6.026
6040 132.0 3.812 6.648
6050 132.0 4.195 6.056
5860 133.0 0.262 4.935
5870 133.0 0.623 4.911
5880 133.0 0.985 4.886
5890 133.0 1.346 4.862
5900 133.0 1.733 4.833
5910 133.0 2.178 4.795
5920 133.0 2.623 4.757
5930 133.0 3.068 4.719
5940 133.0 2.949 4.622
5950 133.0 3.535 4.450
5960 133.0 2.215 4.970
5970 133.0 3.180 4.722
5980 133.0 3.465 4.967
5990 133.0 3.234 4.729
6000 133.0 3.485 4.605
6010 133.0 4.009 4.871
6020 133.0 3.213 4.639
6030 133.0 2.941 5.222
6040 133.0 2.903 4.688
6050 133.0 3.323 5.090
5920 134.0 14.562 3.954
5930 134.0 13.843 3.939
5940 134.0 13.123 3.923
5950 134.0 12.416 3.866
5960 134.0 11.730 3.747
5970 134.0 11.043 3.628
5980 134.0 10.356 3.508
5990 134.0 9.645 3.433
6000 134.0 9.982 4.407
6010 134.0 9.482 4.553
6020 134.0 9.711 4.984
6030 134.0 10.043 5.448
6040 134.0 9.090 5.823
6050 134.0 6.821 5.376
6060 134.0 9.411 4.268
6070 134.0 8.511 4.154
6080 134.0 10.041 3.426
6090 134.0 7.458 5.000
6100 134.0 9.095 5.232
6110 134.0 7.311 5.520
5980 135.0 14.685 3.531
5990 135.0 13.875 3.625
6000 135.0 13.065 3.720
6010 135.0 12.281 3.785
6020 135.0 11.597 3.739
6030 135.0 10.913 3.693
6040 135.0 10.229 3.646
6050 135.0 9.537 3.642
6060 135.0 10.513 3.792
6070 135.0 10.620 4.336
6080 135.0 10.374 4.225
6090 135.0 8.473 5.807
6100 135.0 8.860 5.360
6110 135.0 9.071 5.177
6120 135.0 6.099 7.297
6130 135.0 9.294 5.254
6140 135.0 7.474 6.477
6150 135.0 8.100 5.503
6160 135.0 7.791 6.158
6170 135.0 8.717 5.409
6070 136.0 0.132 7.060
6080 136.0 0.500 6.864
6090 136.0 0.868 6.668
6100 136.0 1.250 6.468
6110 136.0 1.749 6.236
6120 136.0 2.248 6.005
6130 136.0 2.747 5.773
6140 136.0 3.246 5.654
6150 136.0 3.871 5.128
6160 136.0 3.862 4.777
6170 136.0 3.882 5.009
6180 136.0 4.287 5.093
6190 136.0 5.828 4.373
6200 136.0 6.196 4.106
6210 136.0 5.409 4.012
6220 136.0 6.207 3.735
6230 136.0 6.749 3.349
6240 136.0 7.137 3.589
6250 136.0 7.071 3.218
6260 136.0 7.110 3.360
6070 137.0 0.363 8.044
6080 137.0 0.730 7.796
6090 137.0 1.096 7.549
6100 137.0 1.477 7.317
6110 137.0 1.916 7.149
6120 137.0 2.356 6.980
6130 137.0 2.795 6.812
6140 137.0 3.279 6.687
6150 137.0 2.650 6.414
6160 137.0 3.385 6.611
6170 137.0 3.391 6.136
6180 137.0 4.284 5.738
6190 137.0 4.471 5.529
6200 137.0 5.033 5.168
6210 137.0 4.899 5.025
6220 137.0 4.804 4.790
6230 137.0 6.938 4.080
6240 137.0 4.447 5.550
6250 137.0 5.446 5.077
6260 137.0 4.121 5.505
6130 138.0 15.153 4.063
6140 138.0 14.522 4.155
6150 138.0 13.891 4.246
6160 138.0 13.262 4.316
6170 138.0 12.641 4.297
6180 138.0 12.021 4.278
6190 138.0 11.400 4.259
6200 138.0 10.772 4.242
6210 138.0 11.473 3.933
6220 138.0 12.192 3.547
6230 138.0 11.462 4.037
6240 138.0 11.077 4.929
6250 138.0 10.428 5.890
6260 138.0 10.210 5.243
6270 138.0 10.573 4.573
6280 138.0 9.498 5.948
6290 138.0 10.382 4.376
6300 138.0 8.212 5.688
6310 138.0 9.993 4.813
6320 138.0 10.164 5.986
6140 139.0 14.785 3.214
6150 139.0 14.125 3.254
6160 139.0 13.466 3.294
6170 139.0 12.817 3.324
6180 139.0 12.186 3.341
6190 139.0 11.555 3.357
6200 139.0 10.923 3.374
6210 139.0 10.293 3.390
6220 139.0 9.334 3.606
6230 139.0 10.246 3.251
6240 139.0 10.031 3.852
6250 139.0 9.988 3.322
6260 139.0 9.801 3.443
6270 139.0 9.935 3.807
6280 139.0 9.067 4.907
6290 139.0 9.395 4.293
6300 139.0 8.250 4.533
6310 139.0 9.335 4.264
6320 139.0 8.995 4.899
6330 139.0 7.627 6.295
6280 140.0 0.142 2.481
6290 140.0 0.721 2.466
6300 140.0 1.300 2.451
6310 140.0 1.878 2.436
6320 140.0 2.412 2.452
6330 140.0 2.940 2.471
6340 140.0 3.468 2.491
6350 140.0 3.997 2.510
6360 140.0 3.574 2.175
6370 140.0 2.991 1.949
6380 140.0 2.670 2.266
6390 140.0 3.472 2.054
6400 140.0 3.833 1.638
6410 140.0 3.226 1.599
6420 140.0 3.816 1.630
6430 140.0 4.008 1.395
6440 140.0 4.944 1.395
6450 140.0 5.832 1.218
6460 140.0 5.072 1.483
6470 140.0 5.232 1.225
6290 141.0 0.223 3.078
6300 141.0 0.766 3.070
6310 141.0 1.309 3.062
6320 141.0 1.852 3.055
6330 141.0 2.406 3.089
6340 141.0 2.960 3.123
6350 141.0 3.514 3.157
6360 141.0 4.069 3.191
6370 141.0 3.478 2.990
6380 141.0 2.920 2.717
6390 141.0 3.934 2.678
6400 141.0 4.348 2.869
6410 141.0 4.452 2.783
6420 141.0 4.695 2.661
6430 141.0 4.505 2.523
6440 141.0 4.552 2.614
6450 141.0 5.364 2.839
6460 141.0 3.730 2.342
6470 141.0 3.954 3.335
6480 141.0 4.576 2.400
6400 142.0 0.448 3.413
6410 142.0 0.937 3.413
6420 142.0 1.426 3.413
6430 142.0 1.920 3.417
6440 142.0 2.425 3.431
6450 142.0 2.931 3.445
6460 142.0 3.436 3.459
6470 142.0 3.942 3.473
6480 142.0 2.918 3.327
6490 142.0 3.418 3.560
6500 142.0 3.718 3.386
6510 142.0 3.440 4.151
6520 142.0 4.189 4.547
6530 142.0 4.615 3.680
6540 142.0 3.398 3.630
6550 142.0 4.719 3.576
6560 142.0 2.914 3.440
6570 142.0 2.462 4.018
6580 142.0 3.329 4.143
6590 142.0 2.625 4.042
6400 143.0 0.399 2.562
6410 143.0 0.919 2.606
6420 143.0 1.440 2.650
6430 143.0 1.961 2.694
6440 143.0 2.475 2.724
6450 143.0 2.981 2.734
6460 143.0 3.487 2.743
6470 143.0 3.993 2.752
6480 143.0 3.830 2.392
6490 143.0 3.787 2.367
6500 143.0 3.712 2.132
6510 143.0 3.568 1.735
6520 143.0 4.138 1.904
6530 143.0 4.575 1.885
6540 143.0 4.930 1.124
6550 143.0 5.841 0.471
6560 143.0 5.166 1.047
6570 143.0 6.146 0.792
6580 143.0 4.711 2.306
6590 143.0 5.020 1.424
6480 144.0 14.943 5.274
6490 144.0 14.486 5.414
6500 144.0 14.029 5.554
6510 144.0 13.577 5.682
6520 144.0 13.176 5.705
6530 144.0 12.775 5.727
6540 144.0 12.373 5.750
6550 144.0 12.144 5.731
6560 144.0 12.516 6.128
6570 144.0 12.150 6.572
6580 144.0 11.659 6.637
6590 144.0 11.515 7.157
6600 144.0 10.523 7.614
6610 144.0 9.601 7.793
6620 144.0 9.797 7.966
6630 144.0 9.228 8.141
6640 144.0 9.320 7.986
6650 144.0 7.940 9.132
6660 144.0 6.883 9.720
6670 144.0 8.898 8.714
6510 145.0 14.877 4.441
6520 145.0 14.449 4.624
6530 145.0 14.021 4.807
6540 145.0 13.558 4.905
6550 145.0 13.041 4.876
6560 145.0 12.525 4.847
6570 145.0 12.013 4.817
6580 145.0 11.549 4.781
6590 145.0 12.234 5.548
6600 145.0 11.695 5.474
6610 145.0 12.009 5.865
6620 145.0 11.823 6.111
6630 145.0 10.823 6.501
6640 145.0 10.615 7.006
6650 145.0 10.184 7.161
6660 145.0 10.068 7.172
6670 145.0 8.501 7.971
6680 145.0 8.907 7.355
6690 145.0 7.933 8.762
6700 145.0 8.484 8.139
6520 146.0 15.009 5.192
6530 146.0 14.615 5.323
6540 146.0 14.221 5.454
6550 146.0 13.828 5.585
6560 146.0 13.386 5.569
6570 146.0 12.944 5.553
6580 146.0 12.502 5.537
6590 146.0 11.968 5.494
6600 146.0 12.592 5.475
6610 146.0 12.936 5.617
6620 146.0 12.550 5.864
6630 146.0 11.825 6.002
6640 146.0 13.257 5.658
6650 146.0 11.969 5.822
6660 146.0 11.285 6.505
6670 146.0 11.015 6.454
6680 146.0 9.921 7.063
6690 146.0 9.921 7.259
6700 146.0 9.888 6.856
6710 146.0 9.079 7.234
6530 147.0 0.316 6.229
6540 147.0 0.751 6.180
6550 147.0 1.187 6.130
6560 147.0 1.624 6.082
6570 147.0 2.079 6.050
6580 147.0 2.534 6.018
6590 147.0 2.989 5.986
6600 147.0 3.445 5.966
6610 147.0 3.820 5.662
6620 147.0 2.496 5.553
6630 147.0 2.939 5.625
6640 147.0 3.540 5.613
6650 147.0 3.935 5.941
6660 147.0 3.951 6.248
6670 147.0 3.815 5.566
6680 147.0 4.579 5.821
6690 147.0 4.401 6.067
6700 147.0 4.721 5.880
6710 147.0 4.264 6.161
6720 147.0 4.001 6.648
6530 148.0 0.210 6.945
6540 148.0 0.760 6.924
6550 148.0 1.308 6.903
6560 148.0 1.827 6.864
6570 148.0 2.332 6.816
6580 148.0 2.837 6.768
6590 148.0 3.293 6.749
6600 148.0 3.726 6.741
6610 148.0 3.686 6.620
6620 148.0 4.068 6.256
6630 148.0 4.341 5.928
6640 148.0 4.362 6.192
6650 148.0 4.827 6.078
6660 148.0 4.525 6.453
6670 148.0 4.686 6.333
6680 148.0 4.115 6.406
6690 148.0 4.590 5.996
6700 148.0 5.606 6.592
6710 148.0 5.412 6.183
6720 148.0 4.812 5.784
6530 149.0 0.274 3.675
6540 149.0 0.695 3.729
6550 149.0 1.115 3.783
6560 149.0 1.536 3.836
6570 149.0 1.957 3.890
6580 149.0 2.384 3.965
6590 149.0 2.811 4.040
6600 149.0 3.238 4.115
6610 149.0 2.287 4.043
6620 149.0 2.322 4.359
6630 149.0 2.378 3.927
6640 149.0 2.475 3.429
6650 149.0 2.098 4.096
6660 149.0 2.113 3.581
6670 149.0 2.928 3.608
6680 149.0 3.476 3.727
6690 149.0 3.122 4.074
6700 149.0 3.544 4.025
6710 149.0 4.132 3.760
6720 149.0 3.491 4.260
6600 150.0 0.527 4.677
6610 150.0 0.953 4.671
6620 150.0 1.379 4.665
6630 150.0 1.805 4.659
6640 150.0 2.234 4.649
6650 150.0 2.687 4.600
6660 150.0 3.141 4.551
6670 150.0 3.594 4.502
6680 150.0 3.002 4.711
6690 150.0 3.748 4.923
6700 150.0 4.634 4.886
6710 150.0 3.018 5.043
6720 150.0 3.472 5.214
6730 150.0 4.011 4.868
6740 150.0 4.260 4.861
6750 150.0 3.441 4.432
6760 150.0 4.555 4.312
6770 150.0 4.724 4.791
6780 150.0 4.252 4.579
6790 150.0 3.830 4.234
6610 151.0 0.556 3.836
6620 151.0 0.996 3.871
6630 151.0 1.436 3.906
6640 151.0 1.878 3.933
6650 151.0 2.345 3.887
6660 151.0 2.812 3.840
6670 151.0 3.279 3.793
6680 151.0 3.746 3.747
6690 151.0 3.796 4.177
6700 151.0 3.202 3.989
6710 151.0 4.431 3.380
6720 151.0 4.286 4.051
6730 151.0 3.363 4.074
6740 151.0 2.877 3.653
6750 151.0 2.946 3.876
6760 151.0 3.542 3.508
6770 151.0 4.269 3.450
6780 151.0 4.479 3.907
6790 151.0 3.476 3.436
6800 151.0 4.726 3.585
6770 152.0 14.987 3.722
6780 152.0 14.372 3.713
6790 152.0 13.758 3.703
6800 152.0 13.162 3.536
6810 152.0 12.578 3.265
6820 152.0 12.021 3.051
6830 152.0 11.505 2.920
6840 152.0 10.971 2.808
6850 152.0 12.931 2.905
6860 152.0 12.632 3.210
6870 152.0 13.988 3.171
6880 152.0 12.998 3.835
6890 152.0 12.504 3.194
6900 152.0 11.799 3.795
6910 152.0 11.896 4.312
6920 152.0 11.592 4.601
6930 152.0 11.535 4.741
6940 152.0 10.967 4.854
6950 152.0 11.116 5.118
6960 152.0 10.747 5.289
6810 153.0 0.708 3.954
6820 153.0 0.965 4.006
6830 153.0 1.221 4.058
6840 153.0 1.496 4.106
6850 153.0 1.930 4.113
6860 153.0 2.365 4.121
6870 153.0 2.799 4.129
6880 153.0 3.220 4.141
6890 153.0 2.820 4.039
6900 153.0 2.261 4.054
6910 153.0 2.896 4.177
6920 153.0 2.544 3.725
6930 153.0 3.432 4.428
6940 153.0 3.747 3.572
6950 153.0 3.862 3.718
6960 153.0 3.665 3.768
6970 153.0 4.409 3.688
6980 153.0 5.418 3.649
6990 153.0 5.073 2.679
7000 153.0 5.667 3.108
6810 154.0 0.160 3.225
6820 154.0 0.548 3.217
6830 154.0 0.937 3.210
6840 154.0 1.325 3.203
6850 154.0 1.762 3.196
6860 154.0 2.275 3.189
6870 154.0 2.788 3.183
6880 154.0 3.301 3.177
6890 154.0 3.680 3.134
6900 154.0 3.531 2.983
6910 154.0 3.302 2.723
6920 154.0 3.678 2.614
6930 154.0 2.958 2.947
6940 154.0 3.620 3.169
6950 154.0 3.557 2.672
6960 154.0 4.377 2.535
6970 154.0 3.834 3.035
6980 154.0 4.641 2.766
6990 154.0 4.050 3.450
7000 154.0 4.255 2.437
6980 155.0 0.232 3.174
6990 155.0 0.737 3.346
7000 155.0 1.242 3.518
7010 155.0 1.743 3.671
7020 155.0 2.241 3.807
7030 155.0 2.740 3.942
7040 155.0 3.241 4.049
7050 155.0 3.744 4.129
7060 155.0 3.167 3.490
7070 155.0 3.447 3.516
7080 155.0 3.674 3.162
7090 155.0 3.871 3.345
7100 155.0 3.422 3.597
7110 155.0 3.431 3.747
7120 155.0 3.727 3.159
7130 155.0 4.798 3.264
7140 155.0 4.509 3.202
7150 155.0 3.620 3.467
7160 155.0 4.296 2.993
7170 155.0 3.591 3.806
6980 156.0 -0.050 4.267
6990 156.0 0.496 4.399
7000 156.0 1.041 4.532
7010 156.0 1.587 4.664
7020 156.0 2.103 4.749
7030 156.0 2.615 4.829
7040 156.0 3.127 4.909
7050 156.0 3.660 4.984
7060 156.0 2.736 4.651
7070 156.0 3.701 4.602
7080 156.0 2.746 4.877
7090 156.0 2.945 4.048
7100 156.0 3.797 5.007
7110 156.0 3.620 4.740
7120 156.0 3.716 3.856
7130 156.0 3.963 4.713
7140 156.0 3.156 5.297
7150 156.0 3.415 4.222
7160 156.0 3.871 4.402
7170 156.0 3.276 4.090
7010 157.0 0.404 3.908
7020 157.0 0.908 3.965
7030 157.0 1.411 4.023
7040 157.0 1.915 4.081
7050 157.0 2.422 4.204
7060 157.0 2.930 4.326
7070 157.0 3.437 4.448
7080 157.0 3.949 4.566
7090 157.0 2.799 3.711
7100 157.0 3.342 4.197
7110 157.0 3.667 3.915
7120 157.0 3.506 3.853
7130 157.0 4.310 3.998
7140 157.0 4.166 4.730
7150 157.0 3.736 4.297
7160 157.0 4.219 3.956
7170 157.0 3.876 4.539
7180 157.0 4.558 4.017
7190 157.0 3.650 4.015
7200 157.0 3.924 4.372
7010 158.0 0.149 3.286
7020 158.0 0.705 3.311
7030 158.0 1.261 3.337
7040 158.0 1.818 3.362
7050 158.0 2.347 3.477
7060 158.0 2.873 3.602
7070 158.0 3.399 3.727
7080 158.0 3.925 3.852
7090 158.0 2.701 3.889
7100 158.0 2.846 3.529
7110 158.0 3.638 3.618
7120 158.0 3.091 3.288
7130 158.0 3.174 3.725
7140 158.0 2.737 3.287
7150 158.0 3.097 3.888
7160 158.0 3.583 3.837
7170 158.0 3.834 4.178
7180 158.0 4.122 3.381
7190 158.0 3.274 3.704
7200 158.0 3.734 3.668
7300 159.0 14.989 5.582
7310 159.0 14.695 5.590
7320 159.0 14.400 5.598
7330 159.0 14.105 5.606
7340 159.0 13.802 5.609
7350 159.0 13.495 5.609
7360 159.0 13.188 5.609
7370 159.0 12.880 5.609
7380 159.0 12.620 6.434
7390 159.0 12.235 6.301
7400 159.0 12.623 5.748
7410 159.0 13.199 5.912
7420 159.0 11.850 6.235
7430 159.0 12.497 5.823
7440 159.0 12.051 6.280
7450 159.0 11.083 6.522
7460 159.0 11.215 6.331
7470 159.0 9.959 7.449
7480 159.0 10.111 6.961
7490 159.0 9.033 7.685
7330 161.0 14.770 3.062
7340 161.0 14.326 3.214
7350 161.0 13.881 3.367
7360 161.0 13.437 3.519
7370 161.0 12.994 3.554
7380 161.0 12.551 3.511
7390 161.0 12.109 3.468
7400 161.0 11.666 3.426
7410 161.0 12.320 3.772
7420 161.0 11.825 3.766
7430 161.0 11.462 3.798
7440 161.0 10.376 4.396
7450 161.0 10.714 4.716
7460 161.0 9.780 5.388
7470 161.0 9.250 5.862
7480 161.0 8.175 6.319
7490 161.0 8.124 6.723
7500 161.0 8.067 6.738
7510 161.0 6.654 6.996
7520 161.0 8.628 5.937
7330 164.0 14.998 5.396
7340 164.0 14.651 5.331
7350 164.0 14.304 5.267
7360 164.0 13.957 5.202
7370 164.0 13.610 5.138
7380 164.0 13.157 5.131
7390 164.0 12.691 5.131
7400 164.0 12.227 5.131
7410 164.0 12.868 4.980
7420 164.0 12.395 4.920
7430 164.0 11.919 4.856
7440 164.0 11.965 5.255
7450 164.0 11.647 5.749
7460 164.0 12.268 5.770
7470 164.0 12.153 5.657
7480 164.0 11.952 5.110
7490 164.0 10.736 6.218
7500 164.0 10.082 6.314
7510 164.0 9.820 6.278
7520 164.0 10.495 6.238
7340 163.0 14.671 4.590
7350 163.0 14.306 4.551
7360 163.0 13.941 4.511
7370 163.0 13.548 4.480
7380 163.0 13.112 4.462
7390 163.0 12.675 4.445
7400 163.0 12.239 4.427
7410 163.0 11.804 4.403
7420 163.0 12.102 4.127
7430 163.0 11.804 4.589
7440 163.0 11.854 4.844
7450 163.0 11.843 4.591
7460 163.0 12.549 4.552
7470 163.0 12.048 4.980
7480 163.0 12.120 5.154
7490 163.0 11.343 5.555
7500 163.0 10.030 5.976
7510 163.0 9.632 5.904
7520 163.0 9.236 6.746
7530 163.0 9.834 6.930
7360 166.0 14.922 4.177
7370 166.0 14.444 4.009
7380 166.0 13.966 3.841
7390 166.0 13.488 3.673
7400 166.0 12.996 3.528
7410 166.0 12.470 3.435
7420 166.0 11.944 3.343
7430 166.0 11.418 3.250
7440 166.0 12.788 3.605
7450 166.0 11.858 3.903
7460 166.0 11.503 3.934
7470 166.0 11.922 3.572
7480 166.0 11.259 3.827
7490 166.0 11.277 4.099
7500 166.0 11.006 4.167
7510 166.0 11.728 3.996
7520 166.0 9.781 4.466
7530 166.0 10.790 5.133
7540 166.0 9.502 5.041
7550 166.0 9.850 6.093
7500 160.0 7.698 6.161
7510 160.0 7.251 6.227
7520 160.0 6.832 6.291
7530 160.0 6.433 6.353
7540 160.0 6.035 6.416
7550 160.0 5.636 6.479
7560 160.0 5.259 6.527
7570 160.0 4.887 6.571
7580 160.0 5.147 6.948
7590 160.0 4.886 7.332
7600 160.0 3.742 8.035
7610 160.0 3.014 8.609
7620 160.0 2.813 8.842
7630 160.0 2.393 8.903
7640 160.0 2.389 8.780
7650 160.0 0.961 9.907
7660 160.0 2.366 9.393
7670 160.0 2.603 9.027
7680 160.0 1.147 9.589
7690 160.0 0.613 9.797
7500 167.0 15.006 4.224
7510 167.0 14.480 4.296
7520 167.0 13.954 4.367
7530 167.0 13.428 4.439
7540 167.0 12.852 4.474
7550 167.0 12.276 4.509
7560 167.0 11.701 4.544
7570 167.0 11.186 4.582
7580 167.0 11.830 3.653
7590 167.0 10.948 4.867
7600 167.0 10.676 4.853
7610 167.0 10.137 5.228
7620 167.0 9.801 5.841
7630 167.0 9.723 4.819
7640 167.0 8.235 6.483
7650 167.0 8.206 5.784
7660 167.0 4.900 8.439
7670 167.0 8.836 5.877
7680 167.0 8.683 5.633
7690 167.0 8.415 6.806
7530 162.0 6.101 3.553
7540 162.0 5.704 3.580
7550 162.0 5.333 3.684
7560 162.0 4.962 3.788
7570 162.0 4.592 3.891
7580 162.0 4.221 3.995
7590 162.0 3.884 4.129
7600 162.0 3.597 4.308
7610 162.0 2.398 4.756
7620 162.0 2.790 4.706
7630 162.0 0.796 5.675
7640 162.0 0.783 5.970
7650 162.0 0.631 5.855
7660 162.0 0.811 6.369
7670 162.0 -0.071 6.504
7680 162.0 -0.215 6.876
7690 162.0 1.186 6.465
7700 162.0 -0.109 6.751
7710 162.0 -0.448 6.406
7720 162.0 -0.279 6.722
7530 165.0 6.677 5.614
7540 165.0 6.325 5.692
7550 165.0 5.973 5.770
7560 165.0 5.620 5.848
7570 165.0 5.263 5.922
7580 165.0 4.860 5.951
7590 165.0 4.456 5.980
7600 165.0 4.052 6.009
7610 165.0 4.285 6.169
7620 165.0 3.444 6.505
7630 165.0 3.254 6.793
7640 165.0 3.084 7.250
7650 165.0 2.308 7.109
7660 165.0 1.926 7.640
7670 165.0 0.624 8.282
7680 165.0 1.093 8.327
7690 165.0 0.503 8.564
7700 165.0 -0.097 8.860
7710 165.0 -0.371 8.873
7720 165.0 0.006 8.941
7630 168.0 0.081 3.313
7640 168.0 0.583 3.327
7650 168.0 1.084 3.341
7660 168.0 1.585 3.355
7670 168.0 2.103 3.374
7680 168.0 2.659 3.402
7690 168.0 3.214 3.431
7700 168.0 3.770 3.460
7710 168.0 2.731 3.508
7720 168.0 3.831 2.782
7730 168.0 3.625 3.427
7740 168.0 3.855 3.015
7750 168.0 3.004 3.330
7760 168.0 3.130 2.451
7770 168.0 3.916 3.106
7780 168.0 4.299 2.598
7790 168.0 3.401 3.076
7800 168.0 3.436 3.215
7810 168.0 4.073 3.281
7820 168.0 3.628 2.965
7670 169.0 15.131 4.621
7680 169.0 14.644 4.651
7690 169.0 14.158 4.681
7700 169.0 13.671 4.710
7710 169.0 13.181 4.691
7720 169.0 12.688 4.623
7730 169.0 12.195 4.555
7740 169.0 11.702 4.487
7750 169.0 14.022 4.204
7760 169.0 14.396 3.747
7770 169.0 13.694 3.939
7780 169.0 13.298 4.574
7790 169.0 13.538 4.372
7800 169.0 13.450 4.225
7810 169.0 13.323 4.251
7820 169.0 13.728 4.603
7830 169.0 13.642 4.402
7840 169.0 13.704 4.346
7850 169.0 13.631 4.391
7860 169.0 12.989 4.308
7700 171.0 14.932 3.519
7710 171.0 14.354 3.571
7720 171.0 13.775 3.623
7730 171.0 13.196 3.675
7740 171.0 12.713 3.731
7750 171.0 12.231 3.788
7760 171.0 11.748 3.844
7770 171.0 11.235 3.894
7780 171.0 10.592 4.589
7790 171.0 10.856 3.612
7800 171.0 10.370 4.589
7810 171.0 9.542 5.130
7820 171.0 8.139 5.541
7830 171.0 8.645 5.873
7840 171.0 8.415 5.817
7850 171.0 7.682 6.493
7860 171.0 7.961 4.842
7870 171.0 8.244 5.632
7880 171.0 9.982 5.255
7890 171.0 8.959 5.778
7760 172.0 0.141 2.857
7770 172.0 0.489 2.893
7780 172.0 0.837 2.930
7790 172.0 1.185 2.967
7800 172.0 1.533 3.004
7810 172.0 1.881 3.040
7820 172.0 2.273 3.062
7830 172.0 2.694 3.073
7840 172.0 3.218 2.851
7850 172.0 3.009 2.636
7860 172.0 3.479 2.688
7870 172.0 3.878 2.533
7880 172.0 4.133 2.859
7890 172.0 4.353 2.127
7900 172.0 3.937 2.854
7910 172.0 4.946 2.734
7920 172.0 4.438 2.370
7930 172.0 3.848 2.798
7940 172.0 4.171 2.614
7950 172.0 3.765 2.783
7770 173.0 -0.049 3.810
7780 173.0 0.390 3.831
7790 173.0 0.829 3.851
7800 173.0 1.268 3.872
7810 173.0 1.704 3.891
7820 173.0 2.111 3.901
7830 173.0 2.519 3.911
7840 173.0 2.927 3.921
7850 173.0 2.277 4.051
7860 173.0 2.275 3.889
7870 173.0 2.585 3.831
7880 173.0 2.509 4.028
7890 173.0 2.749 3.307
7900 173.0 3.160 3.731
7910 173.0 3.327 3.438
7920 173.0 3.715 3.207
7930 173.0 3.590 3.130
7940 173.0 3.638 3.577
7950 173.0 3.764 3.946
7960 173.0 3.156 4.150
7870 170.0 6.528 5.487
7880 170.0 6.087 5.644
7890 170.0 5.646 5.800
7900 170.0 5.228 5.956
7910 170.0 4.818 6.110
7920 170.0 4.408 6.265
7930 170.0 3.999 6.420
7940 170.0 3.612 6.517
7950 170.0 3.340 6.651
7960 170.0 3.255 6.583
7970 170.0 2.627 7.200
7980 170.0 2.152 7.512
7990 170.0 2.453 7.332
8000 170.0 1.568 7.911
8010 170.0 0.269 8.015
8020 170.0 -0.011 8.173
8030 170.0 -0.317 8.558
8040 170.0 0.331 8.477
8050 170.0 0.649 8.623
8060 170.0 0.755 8.573
8360 174.0 0.245 3.588
8370 174.0 0.796 3.672
8380 174.0 1.348 3.756
8390 174.0 1.900 3.840
8400 174.0 2.447 3.897
8410 174.0 2.989 3.914
8420 174.0 3.530 3.931
8430 174.0 4.071 3.948
8440 174.0 3.391 3.338
8450 174.0 4.262 3.264
8460 174.0 4.155 3.291
8470 174.0 4.040 3.676
8480 174.0 4.716 3.578
8490 174.0 4.962 3.014
8500 174.0 5.562 3.599
8510 174.0 4.666 3.048
8520 174.0 4.896 3.637
8530 174.0 5.313 3.471
8540 174.0 4.911 3.016
8550 174.0 4.796 3.161
8400 175.0 15.225 6.579
8410 175.0 14.637 6.447
8420 175.0 14.049 6.315
8430 175.0 13.461 6.184
8440 175.0 12.850 6.065
8450 175.0 12.233 5.950
8460 175.0 11.616 5.835
8470 175.0 11.009 5.720
8480 175.0 12.292 6.551
8490 175.0 12.068 5.995
8500 175.0 11.373 6.526
8510 175.0 10.853 7.410
8520 175.0 11.407 7.071
8530 175.0 10.931 7.330
8540 175.0 10.615 7.039
8550 175.0 10.622 7.783
8560 175.0 10.788 7.179
8570 175.0 9.663 7.470
8580 175.0 9.226 7.067
8590 175.0 8.411 8.548
8550 183.0 0.462 8.765
8560 183.0 0.574 8.614
8570 183.0 0.686 8.463
8580 183.0 0.798 8.312
8590 183.0 0.846 8.173
8600 183.0 0.878 8.038
8610 183.0 0.910 7.903
8620 183.0 0.942 7.768
8630 183.0 1.048 7.687
8640 183.0 1.204 7.479
8650 183.0 1.168 7.128
8660 183.0 0.990 7.352
8670 183.0 1.236 7.236
8680 183.0 1.325 6.570
8690 183.0 0.922 6.051
8700 183.0 1.221 6.678
8710 183.0 1.103 6.150
8720 183.0 1.260 5.979
8730 183.0 1.291 5.697
8740 183.0 1.793 5.329
8580 176.0 7.183 -0.375
8590 176.0 6.941 0.305
8600 176.0 6.699 0.986
8610 176.0 6.367 1.865
8620 176.0 6.013 2.795
8630 176.0 5.732 3.166
8640 176.0 5.459 3.476
8650 176.0 5.235 3.767
8660 176.0 5.988 3.181
8670 176.0 5.734 3.122
8680 176.0 5.579 2.836
8690 176.0 5.622 3.671
8700 176.0 5.571 3.500
8710 176.0 5.448 4.029
8720 176.0 5.395 3.911
8730 176.0 5.658 3.344
8740 176.0 5.287 4.181
8750 176.0 4.639 5.005
8760 176.0 4.778 6.600
8770 176.0 4.976 5.016
8600 177.0 7.726 -0.290
8610 177.0 7.610 -0.035
8620 177.0 7.494 0.221
8630 177.0 7.378 0.476
8640 177.0 7.053 0.856
8650 177.0 6.705 1.251
8660 177.0 6.351 1.642
8670 177.0 5.985 2.021
8680 177.0 6.057 1.697
8690 177.0 5.983 1.968
8700 177.0 5.846 2.392
8710 177.0 5.786 2.778
8720 177.0 5.613 2.579
8730 177.0 5.599 2.394
8740 177.0 4.930 2.739
8750 177.0 5.147 2.828
8760 177.0 4.311 3.591
8770 177.0 5.113 2.533
8780 177.0 4.317 2.653
8790 177.0 4.926 2.646
8620 178.0 15.186 4.796
8630 178.0 14.727 4.959
8640 178.0 14.268 5.121
8650 178.0 13.799 5.223
8660 178.0 13.319 5.265
8670 178.0 12.840 5.306
8680 178.0 12.371 5.242
8690 178.0 11.908 5.108
8700 178.0 11.913 5.386
8710 178.0 12.168 5.593
8720 178.0 11.273 5.926
8730 178.0 11.990 5.715
8740 178.0 11.319 5.933
8750 178.0 10.053 6.762
8760 178.0 9.755 7.436
8770 178.0 9.257 7.301
8780 178.0 9.501 7.008
8790 178.0 7.955 8.731
8800 178.0 8.570 7.829
8810 178.0 8.047 8.104
8650 179.0 14.926 4.597
8660 179.0 14.527 4.671
8670 179.0 14.128 4.745
8680 179.0 13.707 4.792
8690 179.0 13.235 4.776
8700 179.0 12.764 4.759
8710 179.0 12.327 4.733
8720 179.0 11.942 4.692
8730 179.0 13.065 5.480
8740 179.0 12.837 5.198
8750 179.0 12.063 5.459
8760 179.0 11.517 5.652
8770 179.0 11.166 6.242
8780 179.0 10.539 6.419
8790 179.0 10.523 6.562
8800 179.0 10.258 6.815
8810 179.0 9.184 7.235
8820 179.0 8.955 7.874
8830 179.0 9.469 7.313
8840 179.0 7.208 8.940
8660 180.0 14.863 2.381
8670 180.0 14.247 2.440
8680 180.0 13.631 2.500
8690 180.0 13.021 2.524
8700 180.0 12.417 2.511
8710 180.0 11.813 2.498
8720 180.0 11.210 2.486
8730 180.0 10.603 2.511
8740 180.0 11.248 2.708
8750 180.0 11.099 3.358
8760 180.0 10.906 2.918
8770 180.0 10.748 3.559
8780 180.0 9.658 4.276
8790 180.0 8.401 4.568
8800 180.0 8.982 4.619
8810 180.0 8.707 5.514
8820 180.0 8.487 5.668
8830 180.0 8.994 5.218
8840 180.0 8.684 6.140
8850 180.0 6.365 7.884
8660 181.0 15.027 3.150
8670 181.0 14.444 3.194
8680 181.0 13.860 3.237
8690 181.0 13.233 3.289
8700 181.0 12.596 3.344
8710 181.0 11.959 3.399
8720 181.0 11.324 3.447
8730 181.0 10.698 3.482
8740 181.0 11.294 4.832
8750 181.0 10.216 4.599
8760 181.0 10.417 4.586
8770 181.0 9.471 5.317
8780 181.0 8.621 5.773
8790 181.0 7.708 6.794
8800 181.0 7.529 6.603
8810 181.0 7.779 6.004
8820 181.0 9.383 5.536
8830 181.0 9.822 4.658
8840 181.0 9.917 5.913
8850 181.0 9.997 3.935
8660 182.0 15.060 5.432
8670 182.0 14.519 5.523
8680 182.0 13.978 5.614
8690 182.0 13.527 5.673
8700 182.0 13.099 5.724
8710 182.0 12.670 5.776
8720 182.0 12.207 5.744
8730 182.0 11.744 5.712
8740 182.0 11.643 6.004
8750 182.0 11.823 6.151
8760 182.0 11.312 6.731
8770 182.0 11.236 6.814
8780 182.0 11.212 6.758
8790 182.0 10.588 6.967
8800 182.0 9.695 7.673
8810 182.0 8.844 7.652
8820 182.0 8.857 7.849
8830 182.0 8.291 8.253
8840 182.0 7.330 8.457
8850 182.0 8.684 8.520
8750 184.0 1.453 6.832
8760 184.0 1.440 6.823
8770 184.0 1.427 6.814
8780 184.0 1.414 6.806
8790 184.0 1.401 6.797
8800 184.0 1.388 6.788
8810 184.0 1.375 6.780
8820 184.0 1.362 6.771
8830 184.0 1.358 6.822
8840 184.0 1.376 6.760
8850 184.0 1.335 6.692
8860 184.0 1.357 6.705
8870 184.0 1.385 6.789
8880 184.0 1.356 6.786
8890 184.0 1.453 6.685
8900 184.0 1.373 6.739
8910 184.0 1.433 6.744
8920 184.0 1.404 6.729
8930 184.0 1.368 6.704
8940 184.0 1.366 6.660
