0 1.0 0.295 8.091
10 1.0 1.031 7.852
20 1.0 1.768 7.613
30 1.0 2.515 7.364
40 1.0 3.279 7.099
50 1.0 4.043 6.834
60 1.0 4.851 6.618
70 1.0 5.677 6.424
80 1.0 3.752 6.920
90 1.0 4.854 6.864
100 1.0 5.017 6.382
110 1.0 5.056 6.940
120 1.0 5.566 5.825
130 1.0 5.846 6.119
140 1.0 5.539 6.621
150 1.0 6.009 5.870
160 1.0 2.333 7.961
170 1.0 3.200 7.553
180 1.0 5.845 6.114
190 1.0 3.549 7.031
10 2.0 0.279 9.989
20 2.0 1.064 9.859
30 2.0 1.848 9.729
40 2.0 2.611 9.567
50 2.0 3.363 9.393
60 2.0 4.112 9.202
70 2.0 4.821 8.857
80 2.0 5.531 8.512
90 2.0 4.882 8.344
100 2.0 5.098 8.631
110 2.0 5.186 8.234
120 2.0 5.812 7.921
130 2.0 5.432 7.947
140 2.0 4.635 8.185
150 2.0 5.374 7.582
160 2.0 6.450 7.872
170 2.0 4.451 7.494
180 2.0 7.207 7.314
190 2.0 6.284 7.958
200 2.0 7.674 6.179
230 4.0 15.294 9.097
240 4.0 14.615 9.162
250 4.0 13.936 9.228
260 4.0 13.240 9.338
270 4.0 12.529 9.495
280 4.0 11.818 9.651
290 4.0 11.139 9.851
300 4.0 10.483 10.080
310 4.0 11.396 10.042
320 4.0 10.715 9.786
330 4.0 10.520 9.578
340 4.0 10.340 10.427
350 4.0 10.081 10.339
360 4.0 8.578 11.298
370 4.0 9.085 11.750
380 4.0 8.968 11.399
390 4.0 8.610 12.824
400 4.0 7.481 11.969
410 4.0 10.124 10.978
420 4.0 7.501 12.379
240 5.0 15.042 8.569
250 5.0 14.351 8.580
260 5.0 13.659 8.592
270 5.0 12.948 8.773
280 5.0 12.237 8.954
290 5.0 11.525 9.134
300 5.0 10.804 9.309
310 5.0 10.084 9.483
320 5.0 10.566 9.825
330 5.0 10.624 9.131
340 5.0 10.150 9.532
350 5.0 8.428 10.384
360 5.0 7.404 10.256
370 5.0 8.641 10.242
380 5.0 9.769 8.434
390 5.0 8.903 9.302
400 5.0 7.304 10.147
410 5.0 10.526 7.101
420 5.0 8.380 10.372
430 5.0 7.887 10.957
500 6.0 15.005 9.014
510 6.0 14.576 8.981
520 6.0 14.148 8.946
530 6.0 13.712 8.922
540 6.0 13.265 8.912
550 6.0 12.817 8.902
560 6.0 12.329 9.004
570 6.0 11.840 9.107
580 6.0 12.923 8.657
590 6.0 12.782 8.782
600 6.0 11.961 8.869
610 6.0 11.413 9.065
620 6.0 11.859 9.357
630 6.0 11.408 9.527
640 6.0 11.592 9.517
650 6.0 11.689 9.665
660 6.0 10.563 10.056
670 6.0 9.564 10.290
680 6.0 10.550 9.631
690 6.0 9.716 10.556
610 7.0 11.282 8.098
620 7.0 10.821 8.258
630 7.0 10.393 8.445
640 7.0 10.014 8.676
650 7.0 9.635 8.907
660 7.0 9.253 9.150
670 7.0 8.865 9.411
680 7.0 8.476 9.672
690 7.0 8.879 9.563
700 7.0 9.135 9.399
710 7.0 8.301 9.726
720 7.0 7.862 10.135
730 7.0 7.844 10.266
740 7.0 6.911 11.004
750 7.0 7.513 10.800
760 7.0 5.529 12.083
770 7.0 5.753 12.189
780 7.0 4.653 12.961
790 7.0 4.771 12.929
800 7.0 4.104 13.185
610 8.0 0.183 11.741
620 8.0 0.780 11.617
630 8.0 1.378 11.493
640 8.0 1.969 11.410
650 8.0 2.557 11.344
660 8.0 3.145 11.278
670 8.0 3.740 11.234
680 8.0 4.338 11.196
690 8.0 2.987 11.363
700 8.0 3.642 11.561
710 8.0 2.540 11.778
720 8.0 3.972 11.113
730 8.0 3.828 11.767
740 8.0 3.935 11.388
750 8.0 4.009 11.398
760 8.0 3.578 11.031
770 8.0 3.845 11.246
780 8.0 4.484 11.528
790 8.0 4.632 10.700
800 8.0 4.560 10.226
680 9.0 15.115 9.127
690 9.0 14.450 9.261
700 9.0 13.785 9.395
710 9.0 13.126 9.534
720 9.0 12.479 9.681
730 9.0 11.831 9.827
740 9.0 11.164 9.893
750 9.0 10.493 9.939
760 9.0 11.040 9.807
770 9.0 9.818 10.762
780 9.0 10.182 10.145
790 9.0 9.514 10.816
800 9.0 8.039 12.434
810 9.0 8.619 11.657
820 9.0 10.218 10.818
830 9.0 8.253 12.843
840 9.0 8.626 12.087
850 9.0 7.218 13.094
860 9.0 11.492 10.935
870 9.0 6.408 14.096
680 10.0 15.159 8.389
690 10.0 14.472 8.508
700 10.0 13.784 8.628
710 10.0 13.097 8.747
720 10.0 12.438 8.846
730 10.0 11.784 8.944
740 10.0 11.122 9.037
750 10.0 10.435 9.117
760 10.0 10.750 9.188
770 10.0 9.757 9.580
780 10.0 9.081 10.630
790 10.0 9.470 10.030
800 10.0 9.197 10.376
810 10.0 9.642 9.418
820 10.0 8.919 10.303
830 10.0 6.642 10.906
840 10.0 11.585 7.603
850 10.0 12.515 8.130
860 10.0 6.766 12.726
870 10.0 10.262 9.317
680 12.0 10.430 6.345
690 12.0 10.264 6.005
700 12.0 10.099 5.665
710 12.0 9.933 5.325
720 12.0 9.741 4.920
730 12.0 9.524 4.451
740 12.0 9.306 3.982
750 12.0 9.122 3.556
760 12.0 9.440 3.171
770 12.0 9.727 2.439
780 12.0 9.950 2.130
790 12.0 9.975 1.700
800 12.0 9.951 1.903
810 12.0 9.810 1.252
820 12.0 9.995 0.019
830 12.0 9.810 0.519
840 12.0 9.876 0.263
850 12.0 9.576 -0.380
860 12.0 9.691 -0.116
870 12.0 9.407 -0.249
750 11.0 0.088 7.704
760 11.0 0.636 7.441
770 11.0 1.183 7.179
780 11.0 1.733 6.910
790 11.0 2.297 6.618
800 11.0 2.860 6.325
810 11.0 3.427 6.039
820 11.0 4.023 5.807
830 11.0 3.152 6.113
840 11.0 4.090 6.174
850 11.0 3.551 6.104
860 11.0 3.954 5.994
870 11.0 4.875 5.816
880 11.0 4.428 5.790
890 11.0 4.411 5.686
900 11.0 5.819 4.654
910 11.0 6.134 4.747
920 11.0 6.373 4.516
930 11.0 7.628 3.862
940 11.0 6.067 4.585
890 13.0 15.111 8.759
900 13.0 14.495 8.776
910 13.0 13.879 8.793
920 13.0 13.255 8.833
930 13.0 12.602 8.965
940 13.0 11.949 9.096
950 13.0 11.298 9.246
960 13.0 10.653 9.439
970 13.0 11.483 9.735
980 13.0 11.058 10.112
990 13.0 10.512 9.996
1000 13.0 9.868 10.503
1010 13.0 9.551 10.592
1020 13.0 9.532 10.527
1030 13.0 9.912 10.567
1040 13.0 9.395 10.298
1050 13.0 8.808 10.709
1060 13.0 8.257 11.085
1070 13.0 10.010 9.570
1080 13.0 8.147 12.103
1130 18.0 15.426 8.393
1140 18.0 14.639 8.472
1150 18.0 13.852 8.552
1160 18.0 13.064 8.632
1170 18.0 12.270 8.799
1180 18.0 11.475 8.975
1190 18.0 10.682 9.135
1200 18.0 9.898 9.225
1210 18.0 10.383 9.444
1220 18.0 10.747 9.077
1230 18.0 8.811 10.092
1240 18.0 9.759 10.079
1250 18.0 8.874 10.333
1260 18.0 7.078 11.590
1270 18.0 6.085 12.396
1280 18.0 6.917 11.805
1290 18.0 8.151 11.080
1300 18.0 8.622 10.874
1310 18.0 7.406 11.519
1320 18.0 7.554 11.641
1140 21.0 1.136 7.652
1150 21.0 1.552 7.805
1160 21.0 1.967 7.958
1170 21.0 2.383 8.111
1180 21.0 2.813 8.267
1190 21.0 3.304 8.434
1200 21.0 3.795 8.601
1210 21.0 4.281 8.754
1220 21.0 3.410 8.340
1230 21.0 3.608 7.906
1240 21.0 3.327 8.586
1250 21.0 3.713 7.801
1260 21.0 3.868 7.760
1270 21.0 3.749 7.962
1280 21.0 4.095 7.814
1290 21.0 4.159 8.159
1300 21.0 4.368 7.837
1310 21.0 4.666 7.743
1320 21.0 4.258 8.165
1330 21.0 5.001 7.938
1160 19.0 12.242 7.491
1170 19.0 11.891 7.520
1180 19.0 11.540 7.549
1190 19.0 11.190 7.578
1200 19.0 10.763 7.634
1210 19.0 10.285 7.707
1220 19.0 9.808 7.780
1230 19.0 9.168 7.962
1240 19.0 9.895 8.165
1250 19.0 9.784 8.262
1260 19.0 9.673 8.365
1270 19.0 9.320 7.900
1280 19.0 8.594 8.157
1290 19.0 9.117 7.535
1300 19.0 8.522 7.863
1310 19.0 9.315 7.541
1320 19.0 7.886 8.023
1330 19.0 8.149 7.351
1340 19.0 6.460 8.330
1350 19.0 8.291 7.347
1200 20.0 11.991 8.161
1210 20.0 11.435 8.276
1220 20.0 10.879 8.390
1230 20.0 10.358 8.493
1240 20.0 9.851 8.590
1250 20.0 9.345 8.687
1260 20.0 8.766 8.735
1270 20.0 8.187 8.783
1280 20.0 8.734 9.033
1290 20.0 8.878 8.712
1300 20.0 8.910 8.587
1310 20.0 8.628 8.454
1320 20.0 7.685 9.414
1330 20.0 7.446 9.816
1340 20.0 7.228 9.897
1350 20.0 6.776 9.962
1360 20.0 5.530 10.543
1370 20.0 5.163 11.296
1380 20.0 5.058 11.471
1390 20.0 4.623 10.679
1230 25.0 3.849 4.590
1240 25.0 4.039 4.668
1250 25.0 4.229 4.747
1260 25.0 4.419 4.825
1270 25.0 4.609 4.903
1280 25.0 4.798 4.981
1290 25.0 4.988 5.060
1300 25.0 5.225 5.100
1310 25.0 5.415 5.142
1320 25.0 5.529 4.508
1330 25.0 6.126 5.056
1340 25.0 6.259 4.877
1350 25.0 6.419 4.847
1360 25.0 7.057 5.114
1370 25.0 6.069 4.176
1380 25.0 6.696 4.848
1390 25.0 7.082 4.466
1400 25.0 7.453 4.179
1410 25.0 8.208 3.927
1420 25.0 8.636 3.869
1310 22.0 14.781 5.883
1320 22.0 14.322 5.852
1330 22.0 13.863 5.821
1340 22.0 13.405 5.791
1350 22.0 12.965 5.789
1360 22.0 12.544 5.817
1370 22.0 12.123 5.845
1380 22.0 11.702 5.873
1390 22.0 11.685 5.893
1400 22.0 11.567 5.877
1410 22.0 11.475 6.307
1420 22.0 10.955 6.518
1430 22.0 11.135 6.570
1440 22.0 10.607 6.553
1450 22.0 9.998 6.985
1460 22.0 10.302 6.217
1470 22.0 9.880 6.604
1480 22.0 9.471 7.451
1490 22.0 9.071 7.480
1500 22.0 7.554 7.386
1310 23.0 14.939 5.155
1320 23.0 14.500 5.155
1330 23.0 14.060 5.155
1340 23.0 13.621 5.155
1350 23.0 13.176 5.166
1360 23.0 12.731 5.180
1370 23.0 12.285 5.194
1380 23.0 11.849 5.189
1390 23.0 12.438 5.318
1400 23.0 11.559 5.629
1410 23.0 11.757 5.325
1420 23.0 11.250 5.173
1430 23.0 11.146 5.776
1440 23.0 11.483 5.709
1450 23.0 10.950 6.675
1460 23.0 11.155 6.571
1470 23.0 10.169 6.708
1480 23.0 8.037 8.533
1490 23.0 8.013 6.567
1500 23.0 8.329 6.436
1310 24.0 14.936 4.413
1320 24.0 14.479 4.399
1330 24.0 14.022 4.385
1340 24.0 13.565 4.372
1350 24.0 13.126 4.347
1360 24.0 12.695 4.318
1370 24.0 12.263 4.289
1380 24.0 11.832 4.260
1390 24.0 11.997 4.381
1400 24.0 11.933 4.418
1410 24.0 11.294 4.421
1420 24.0 10.904 5.116
1430 24.0 11.259 5.206
1440 24.0 9.584 5.225
1450 24.0 9.675 5.075
1460 24.0 11.407 4.929
1470 24.0 9.795 5.867
1480 24.0 9.577 4.577
1490 24.0 9.600 4.010
1500 24.0 10.796 2.864
1370 27.0 6.367 0.491
1380 27.0 6.390 1.139
1390 27.0 6.412 1.787
1400 27.0 6.428 2.382
1410 27.0 6.440 2.955
1420 27.0 6.452 3.527
1430 27.0 6.461 4.085
1440 27.0 6.461 4.580
1450 27.0 6.230 4.519
1460 27.0 6.193 4.468
1470 27.0 6.233 4.922
1480 27.0 6.128 4.870
1490 27.0 6.295 5.400
1500 27.0 6.511 6.608
1510 27.0 6.457 7.321
1520 27.0 6.422 7.493
1530 27.0 6.369 7.965
1540 27.0 6.516 7.275
1550 27.0 6.357 7.291
1560 27.0 6.341 8.895
1430 26.0 8.171 6.327
1440 26.0 8.321 6.402
1450 26.0 8.470 6.478
1460 26.0 8.611 6.546
1470 26.0 8.743 6.607
1480 26.0 8.875 6.668
1490 26.0 9.007 6.729
1500 26.0 9.101 6.781
1510 26.0 8.820 6.771
1520 26.0 8.806 6.731
1530 26.0 8.911 6.557
1540 26.0 9.484 6.611
1550 26.0 10.026 6.518
1560 26.0 10.920 6.141
1570 26.0 10.513 6.039
1580 26.0 10.801 6.178
1590 26.0 10.553 5.857
1600 26.0 10.258 6.501
1610 26.0 10.436 6.510
1620 26.0 10.748 6.160
1560 28.0 9.766 9.217
1570 28.0 9.769 9.169
1580 28.0 9.771 9.120
1590 28.0 9.774 9.072
1600 28.0 9.776 9.024
1610 28.0 9.778 8.976
1620 28.0 9.781 8.927
1630 28.0 9.783 8.879
1640 28.0 9.753 8.909
1650 28.0 9.738 8.872
1660 28.0 9.701 8.809
1670 28.0 9.756 8.827
1680 28.0 9.790 8.746
1690 28.0 9.831 8.599
1700 28.0 9.785 8.369
1710 28.0 9.812 8.177
1720 28.0 9.903 8.003
1730 28.0 9.885 7.776
1740 28.0 9.890 7.499
1750 28.0 9.942 7.747
1560 29.0 0.844 7.509
1570 29.0 1.049 7.352
1580 29.0 1.254 7.195
1590 29.0 1.459 7.038
1600 29.0 1.664 6.881
1610 29.0 1.967 6.760
1620 29.0 2.295 6.647
1630 29.0 2.623 6.535
1640 29.0 2.424 6.763
1650 29.0 2.812 6.400
1660 29.0 3.225 6.375
1670 29.0 2.943 6.244
1680 29.0 3.205 6.131
1690 29.0 3.738 5.662
1700 29.0 4.035 5.564
1710 29.0 4.267 5.523
1720 29.0 3.507 5.738
1730 29.0 4.766 5.102
1740 29.0 5.065 4.773
1750 29.0 5.609 4.260
1780 30.0 12.813 9.162
1790 30.0 12.238 9.393
1800 30.0 11.663 9.623
1810 30.0 11.091 9.861
1820 30.0 10.527 10.115
1830 30.0 9.964 10.369
1840 30.0 9.398 10.622
1850 30.0 8.823 10.869
1860 30.0 8.889 11.155
1870 30.0 7.973 11.744
1880 30.0 8.272 11.699
1890 30.0 6.955 12.472
1900 30.0 7.299 11.764
1910 30.0 6.962 12.480
1920 30.0 5.998 13.203
1930 30.0 5.012 13.766
1940 30.0 4.627 13.956
1950 30.0 4.452 14.831
1960 30.0 5.177 14.604
1970 30.0 6.953 13.343
1780 31.0 1.784 11.060
1790 31.0 2.400 10.857
1800 31.0 3.016 10.654
1810 31.0 3.591 10.450
1820 31.0 4.140 10.245
1830 31.0 4.689 10.041
1840 31.0 5.321 9.899
1850 31.0 5.975 9.774
1860 31.0 6.061 9.359
1870 31.0 5.855 9.171
1880 31.0 6.312 8.740
1890 31.0 6.848 9.089
1900 31.0 6.860 8.245
1910 31.0 6.923 8.482
1920 31.0 7.510 8.625
1930 31.0 6.427 9.091
1940 31.0 5.790 8.649
1950 31.0 7.604 7.917
1960 31.0 8.811 7.284
1970 31.0 9.066 7.752
2040 33.0 0.146 10.352
2050 33.0 0.763 10.294
2060 33.0 1.380 10.237
2070 33.0 1.996 10.154
2080 33.0 2.613 9.974
2090 33.0 3.230 9.792
2100 33.0 3.825 9.619
2110 33.0 4.370 9.462
2120 33.0 4.233 9.319
2130 33.0 4.541 8.941
2140 33.0 3.974 9.234
2150 33.0 5.098 8.693
2160 33.0 4.294 9.117
2170 33.0 4.365 9.178
2180 33.0 4.670 8.941
2190 33.0 3.973 8.728
2200 33.0 4.675 8.675
2210 33.0 4.621 9.179
2220 33.0 5.191 8.315
2230 33.0 6.174 7.518
2110 35.0 0.182 8.361
2120 35.0 0.638 8.321
2130 35.0 1.094 8.281
2140 35.0 1.560 8.228
2150 35.0 2.040 8.153
2160 35.0 2.520 8.079
2170 35.0 2.993 8.024
2180 35.0 3.437 8.050
2190 35.0 2.206 7.757
2200 35.0 3.080 7.216
2210 35.0 2.955 7.145
2220 35.0 3.658 7.329
2230 35.0 3.524 7.098
2240 35.0 3.203 7.657
2250 35.0 3.577 7.538
2260 35.0 4.222 7.034
2270 35.0 3.723 7.310
2280 35.0 4.813 6.733
2290 35.0 5.309 6.679
2300 35.0 5.928 6.251
2150 36.0 14.859 6.125
2160 36.0 14.227 6.202
2170 36.0 13.596 6.278
2180 36.0 12.975 6.344
2190 36.0 12.369 6.391
2200 36.0 11.762 6.439
2210 36.0 11.103 6.487
2220 36.0 10.438 6.535
2230 36.0 11.194 6.373
2240 36.0 10.596 6.596
2250 36.0 10.272 6.816
2260 36.0 10.244 7.355
2270 36.0 10.270 7.751
2280 36.0 8.510 8.583
2290 36.0 8.084 8.273
2300 36.0 8.800 7.286
2310 36.0 7.415 8.518
2320 36.0 8.368 8.018
2330 36.0 9.033 8.061
2340 36.0 8.918 7.558
2200 37.0 6.003 12.440
2210 37.0 6.024 12.111
2220 37.0 6.046 11.782
2230 37.0 6.072 11.445
2240 37.0 6.109 11.091
2250 37.0 6.145 10.737
2260 37.0 6.175 10.379
2270 37.0 6.196 10.012
2280 37.0 6.174 9.724
2290 37.0 6.213 9.683
2300 37.0 6.059 9.059
2310 37.0 5.891 8.447
2320 37.0 5.948 7.743
2330 37.0 6.165 7.027
2340 37.0 6.136 6.633
2350 37.0 6.170 5.848
2360 37.0 5.998 5.408
2370 37.0 5.770 4.930
2380 37.0 5.130 2.739
2390 37.0 5.370 2.825
2440 40.0 14.886 6.563
2450 40.0 14.182 6.802
2460 40.0 13.477 7.040
2470 40.0 12.735 7.240
2480 40.0 11.989 7.435
2490 40.0 11.280 7.612
2500 40.0 10.587 7.781
2510 40.0 9.893 7.934
2520 40.0 10.135 7.776
2530 40.0 9.947 7.598
2540 40.0 9.663 8.199
2550 40.0 8.976 8.343
2560 40.0 8.996 8.847
2570 40.0 9.255 8.900
2580 40.0 9.325 8.182
2590 40.0 10.161 7.453
2600 40.0 7.866 9.180
2610 40.0 5.251 12.017
2620 40.0 6.806 9.757
2630 40.0 7.394 8.468
2440 41.0 15.281 9.021
2450 41.0 14.506 9.021
2460 41.0 13.732 9.021
2470 41.0 12.958 9.021
2480 41.0 12.151 9.196
2490 41.0 11.340 9.391
2500 41.0 10.535 9.598
2510 41.0 9.755 9.857
2520 41.0 10.825 8.908
2530 41.0 10.995 9.383
2540 41.0 9.588 10.264
2550 41.0 9.843 9.637
2560 41.0 9.771 9.862
2570 41.0 11.166 8.148
2580 41.0 8.889 10.247
2590 41.0 8.113 10.003
2600 41.0 10.370 8.604
2610 41.0 9.473 10.806
2620 41.0 9.217 10.436
2630 41.0 11.590 7.604
2730 43.0 15.235 9.047
2740 43.0 14.514 9.038
2750 43.0 13.793 9.029
2760 43.0 13.083 9.050
2770 43.0 12.409 9.193
2780 43.0 11.736 9.336
2790 43.0 11.073 9.602
2800 43.0 10.415 9.920
2810 43.0 10.849 9.383
2820 43.0 10.298 9.931
2830 43.0 9.890 10.114
2840 43.0 9.876 10.063
2850 43.0 8.284 11.199
2860 43.0 10.681 8.321
2870 43.0 10.337 9.821
2880 43.0 8.691 10.022
2890 43.0 10.095 9.119
2900 43.0 6.127 12.400
2910 43.0 11.460 7.839
2920 43.0 10.606 10.128
2730 44.0 10.049 6.892
2740 44.0 10.000 7.155
2750 44.0 9.951 7.418
2760 44.0 9.902 7.680
2770 44.0 9.841 7.998
2780 44.0 9.777 8.330
2790 44.0 9.706 8.588
2800 44.0 9.629 8.771
2810 44.0 9.604 9.322
2820 44.0 9.635 9.027
2830 44.0 9.476 9.777
2840 44.0 9.740 9.727
2850 44.0 9.865 9.620
2860 44.0 10.111 10.409
2870 44.0 10.003 10.633
2880 44.0 9.859 10.158
2890 44.0 9.908 11.007
2900 44.0 9.902 11.088
2910 44.0 10.018 12.097
2920 44.0 9.907 12.376
2950 46.0 15.113 7.655
2960 46.0 14.465 7.711
2970 46.0 13.818 7.766
2980 46.0 13.166 7.844
2990 46.0 12.503 7.976
3000 46.0 11.841 8.109
3010 46.0 11.213 8.249
3020 46.0 10.609 8.395
3030 46.0 11.067 8.619
3040 46.0 10.375 9.148
3050 46.0 10.178 9.276
3060 46.0 9.774 9.914
3070 46.0 8.808 10.331
3080 46.0 9.318 9.786
3090 46.0 10.227 9.815
3100 46.0 7.687 10.841
3110 46.0 10.117 9.071
3120 46.0 9.348 9.595
3130 46.0 10.161 9.254
3140 46.0 6.551 11.707
2960 47.0 14.691 8.306
2970 47.0 14.104 8.356
2980 47.0 13.515 8.413
2990 47.0 12.912 8.532
3000 47.0 12.309 8.651
3010 47.0 11.697 8.831
3020 47.0 11.084 9.018
3030 47.0 10.435 9.207
3040 47.0 11.007 9.092
3050 47.0 10.856 8.619
3060 47.0 9.629 9.204
3070 47.0 10.544 9.117
3080 47.0 10.477 9.364
3090 47.0 9.435 9.921
3100 47.0 9.353 9.949
3110 47.0 8.897 9.439
3120 47.0 8.106 11.516
3130 47.0 7.787 11.016
3140 47.0 6.900 10.794
3150 47.0 8.076 11.371
2960 48.0 14.707 9.007
2970 48.0 14.110 8.978
2980 48.0 13.512 8.950
2990 48.0 12.990 9.065
3000 48.0 12.467 9.180
3010 48.0 11.920 9.338
3020 48.0 11.315 9.596
3030 48.0 10.710 9.855
3040 48.0 10.957 9.593
3050 48.0 10.847 9.518
3060 48.0 11.680 9.461
3070 48.0 11.486 9.247
3080 48.0 10.978 9.703
3090 48.0 10.927 9.330
3100 48.0 10.670 9.596
3110 48.0 10.150 10.550
3120 48.0 8.946 10.409
3130 48.0 9.424 11.037
3140 48.0 8.857 10.586
3150 48.0 8.032 12.114
3010 49.0 8.891 8.481
3020 49.0 9.199 8.335
3030 49.0 9.506 8.188
3040 49.0 9.862 8.120
3050 49.0 10.264 8.130
3060 49.0 10.662 8.137
3070 49.0 11.037 8.128
3080 49.0 11.413 8.119
3090 49.0 11.048 8.620
3100 49.0 10.951 8.154
3110 49.0 11.613 8.043
3120 49.0 12.265 7.977
3130 49.0 13.080 7.673
3140 49.0 12.366 7.670
3150 49.0 12.674 7.738
3160 49.0 12.759 7.437
3170 49.0 12.051 7.323
3180 49.0 12.749 7.578
3190 49.0 13.698 7.268
3200 49.0 13.251 8.181
3040 50.0 0.112 10.188
3050 50.0 0.469 9.974
3060 50.0 0.827 9.759
3070 50.0 1.185 9.544
3080 50.0 1.547 9.360
3090 50.0 1.910 9.179
3100 50.0 2.273 8.997
3110 50.0 2.592 8.891
3120 50.0 2.986 8.550
3130 50.0 2.643 8.841
3140 50.0 3.656 8.156
3150 50.0 4.064 8.198
3160 50.0 3.399 8.584
3170 50.0 3.619 8.594
3180 50.0 3.075 8.655
3190 50.0 3.925 8.098
3200 50.0 4.963 7.748
3210 50.0 5.209 7.224
3220 50.0 6.853 6.850
3230 50.0 5.818 7.292
3100 52.0 0.118 12.916
3110 52.0 0.442 12.852
3120 52.0 0.766 12.788
3130 52.0 1.077 12.747
3140 52.0 1.382 12.716
3150 52.0 1.688 12.685
3160 52.0 1.940 12.641
3170 52.0 2.156 12.588
3180 52.0 1.706 12.462
3190 52.0 2.034 12.528
3200 52.0 2.484 12.280
3210 52.0 2.476 12.210
3220 52.0 3.446 12.009
3230 52.0 3.167 12.043
3240 52.0 2.505 11.794
3250 52.0 3.218 11.563
3260 52.0 3.107 11.174
3270 52.0 4.050 11.126
3280 52.0 4.826 10.340
3290 52.0 5.218 9.896
3200 54.0 14.702 9.063
3210 54.0 14.045 9.050
3220 54.0 13.343 9.157
3230 54.0 12.622 9.316
3240 54.0 11.954 9.510
3250 54.0 11.323 9.728
3260 54.0 10.689 9.946
3270 54.0 10.049 10.166
3280 54.0 10.363 10.297
3290 54.0 10.161 10.305
3300 54.0 10.649 10.042
3310 54.0 9.162 11.085
3320 54.0 8.812 11.230
3330 54.0 8.096 11.996
3340 54.0 8.698 11.775
3350 54.0 7.897 12.195
3360 54.0 8.819 11.412
3370 54.0 8.724 11.581
3380 54.0 6.989 12.799
3390 54.0 5.221 13.742
3240 51.0 4.206 8.429
3250 51.0 4.399 8.380
3260 51.0 4.735 8.292
3270 51.0 5.072 8.203
3280 51.0 5.409 8.114
3290 51.0 5.842 7.995
3300 51.0 6.274 7.876
3310 51.0 6.707 7.756
3320 51.0 6.626 7.131
3330 51.0 6.860 7.391
3340 51.0 7.283 7.139
3350 51.0 7.511 6.993
3360 51.0 8.042 6.991
3370 51.0 9.172 6.189
3380 51.0 9.204 6.140
3390 51.0 8.997 6.373
3400 51.0 9.856 5.826
3410 51.0 8.493 6.017
3420 51.0 11.253 4.678
3430 51.0 9.820 5.948
3300 53.0 3.967 10.755
3310 53.0 4.099 10.568
3320 53.0 4.230 10.382
3330 53.0 4.415 10.223
3340 53.0 4.600 10.064
3350 53.0 4.785 9.904
3360 53.0 4.984 9.729
3370 53.0 5.188 9.546
3380 53.0 5.115 9.330
3390 53.0 5.488 8.718
3400 53.0 5.274 8.643
3410 53.0 5.386 8.170
3420 53.0 5.799 7.612
3430 53.0 5.821 7.388
3440 53.0 6.163 7.466
3450 53.0 5.811 7.567
3460 53.0 6.315 6.769
3470 53.0 5.930 7.795
3480 53.0 6.168 7.817
3490 53.0 6.841 6.992
3460 55.0 -0.162 11.055
3470 55.0 0.728 10.958
3480 55.0 1.618 10.860
3490 55.0 2.498 10.782
3500 55.0 3.369 10.725
3510 55.0 4.240 10.667
3520 55.0 5.077 10.617
3530 55.0 5.893 10.573
3540 55.0 4.304 10.478
3550 55.0 4.992 10.333
3560 55.0 5.263 9.991
3570 55.0 3.044 10.929
3580 55.0 5.523 9.828
3590 55.0 6.852 9.101
3600 55.0 5.224 10.877
3610 55.0 5.030 10.781
3620 55.0 3.959 11.344
3630 55.0 6.420 10.282
3640 55.0 5.775 10.324
3650 55.0 4.848 10.878
3520 56.0 0.132 11.040
3530 56.0 0.816 10.938
3540 56.0 1.500 10.835
3550 56.0 2.181 10.742
3560 56.0 2.857 10.670
3570 56.0 3.533 10.597
3580 56.0 4.209 10.525
3590 56.0 4.888 10.440
3600 56.0 4.047 9.853
3610 56.0 4.179 10.368
3620 56.0 4.543 10.403
3630 56.0 4.938 10.425
3640 56.0 4.381 9.977
3650 56.0 3.899 10.384
3660 56.0 4.743 10.092
3670 56.0 5.371 9.722
3680 56.0 7.063 9.799
3690 56.0 5.413 9.414
3700 56.0 4.538 9.872
3710 56.0 5.464 9.398
3970 60.0 14.764 8.080
3980 60.0 14.000 8.292
3990 60.0 13.236 8.504
4000 60.0 12.553 8.806
4010 60.0 11.906 9.145
4020 60.0 11.256 9.497
4030 60.0 10.582 9.955
4040 60.0 9.909 10.413
4050 60.0 10.092 10.149
4060 60.0 9.329 10.522
4070 60.0 10.076 10.058
4080 60.0 8.773 10.512
4090 60.0 8.141 10.934
4100 60.0 7.683 11.227
4110 60.0 7.958 11.935
4120 60.0 9.111 10.183
4130 60.0 7.503 11.893
4140 60.0 7.981 12.072
4150 60.0 6.367 13.042
4160 60.0 7.644 11.668
3990 62.0 3.379 7.155
4000 62.0 3.688 7.436
4010 62.0 3.998 7.717
4020 62.0 4.307 7.998
4030 62.0 4.736 8.278
4040 62.0 5.285 8.559
4050 62.0 5.829 8.830
4060 62.0 6.352 9.069
4070 62.0 5.459 8.697
4080 62.0 5.344 9.134
4090 62.0 5.569 8.878
4100 62.0 5.462 8.404
4110 62.0 5.182 7.839
4120 62.0 5.867 7.701
4130 62.0 6.236 7.764
4140 62.0 5.932 7.447
4150 62.0 6.153 7.775
4160 62.0 6.230 7.824
4170 62.0 6.440 7.057
4180 62.0 6.872 7.509
4220 64.0 2.294 11.340
4230 64.0 2.925 11.140
4240 64.0 3.557 10.939
4250 64.0 4.180 10.707
4260 64.0 4.799 10.453
4270 64.0 5.417 10.200
4280 64.0 6.031 9.908
4290 64.0 6.640 9.558
4300 64.0 6.829 9.333
4310 64.0 5.941 9.631
4320 64.0 6.688 9.324
4330 64.0 7.163 9.012
4340 64.0 7.525 8.933
4350 64.0 6.868 9.127
4360 64.0 7.490 8.628
4370 64.0 7.010 8.652
4380 64.0 8.668 8.554
4390 64.0 8.864 7.895
4400 64.0 10.318 7.406
4410 64.0 8.402 8.350
4220 65.0 6.877 9.056
4230 65.0 6.742 9.588
4240 65.0 6.609 10.119
4250 65.0 6.417 10.683
4260 65.0 6.226 11.247
4270 65.0 6.044 11.685
4280 65.0 5.865 12.092
4290 65.0 5.680 12.478
4300 65.0 6.532 11.770
4310 65.0 5.935 12.556
4320 65.0 6.127 12.655
4330 65.0 6.518 13.006
4340 65.0 6.603 13.515
4350 65.0 6.393 14.302
4360 65.0 6.453 13.385
4370 65.0 6.495 14.039
4380 65.0 6.355 15.024
4390 65.0 6.497 15.392
4400 65.0 6.272 16.056
4410 65.0 6.479 16.707
4270 66.0 11.245 7.967
4280 66.0 10.843 8.112
4290 66.0 10.441 8.256
4300 66.0 10.039 8.401
4310 66.0 9.481 8.750
4320 66.0 8.922 9.098
4330 66.0 8.331 9.327
4340 66.0 7.691 9.375
4350 66.0 8.090 9.557
4360 66.0 8.299 9.065
4370 66.0 7.661 9.784
4380 66.0 6.030 10.369
4390 66.0 6.542 10.268
4400 66.0 5.658 10.752
4410 66.0 4.233 11.854
4420 66.0 6.189 10.677
4430 66.0 4.559 11.732
4440 66.0 5.323 11.252
4450 66.0 5.679 10.920
4460 66.0 6.591 9.793
4280 67.0 15.224 7.173
4290 67.0 14.450 7.106
4300 67.0 13.675 7.040
4310 67.0 12.888 6.993
4320 67.0 12.070 6.993
4330 67.0 11.253 6.993
4340 67.0 10.467 7.062
4350 67.0 9.695 7.162
4360 67.0 10.978 6.257
4370 67.0 11.398 8.062
4380 67.0 11.546 6.958
4390 67.0 11.224 7.140
4400 67.0 11.263 6.935
4410 67.0 10.245 8.229
4420 67.0 10.915 6.016
4430 67.0 7.687 8.624
4440 67.0 12.297 5.499
4450 67.0 9.963 8.517
4460 67.0 9.565 6.815
4470 67.0 10.051 6.602
4310 68.0 10.313 9.618
4320 68.0 9.892 9.484
4330 68.0 9.408 9.272
4340 68.0 8.829 8.944
4350 68.0 8.261 8.699
4360 68.0 7.698 8.478
4370 68.0 7.145 8.270
4380 68.0 6.609 8.067
4390 68.0 7.218 8.850
4400 68.0 6.728 8.139
4410 68.0 4.888 8.970
4420 68.0 7.369 8.482
4430 68.0 7.177 8.493
4440 68.0 5.614 8.746
4450 68.0 5.034 9.685
4460 68.0 4.530 10.262
4470 68.0 4.194 10.435
4480 68.0 5.010 7.848
4490 68.0 3.833 10.201
4500 68.0 1.629 10.981
4510 69.0 9.428 13.047
4520 69.0 9.374 12.790
4530 69.0 9.320 12.533
4540 69.0 9.266 12.276
4550 69.0 9.239 11.989
4560 69.0 9.239 11.670
4570 69.0 9.239 11.352
4580 69.0 9.245 11.037
4590 69.0 9.469 10.728
4600 69.0 9.524 9.592
4610 69.0 9.634 9.316
4620 69.0 9.489 9.433
4630 69.0 9.560 9.000
4640 69.0 9.328 8.822
4650 69.0 9.293 8.595
4660 69.0 9.083 7.811
4670 69.0 9.264 6.445
4680 69.0 9.138 6.156
4690 69.0 9.258 6.339
4700 69.0 9.273 5.410
4510 70.0 10.198 13.383
4520 70.0 10.227 13.070
4530 70.0 10.256 12.758
4540 70.0 10.268 12.460
4550 70.0 10.263 12.179
4560 70.0 10.257 11.897
4570 70.0 10.252 11.616
4580 70.0 10.273 11.304
4590 70.0 10.052 11.123
4600 70.0 9.968 10.840
4610 70.0 10.039 9.723
4620 70.0 9.845 9.164
4630 70.0 10.085 8.819
4640 70.0 9.721 8.969
4650 70.0 9.853 7.534
4660 70.0 9.799 7.016
4670 70.0 10.164 6.787
4680 70.0 9.822 6.878
4690 70.0 10.104 6.128
4700 70.0 10.153 6.068
4600 73.0 0.170 9.853
4610 73.0 0.818 9.816
4620 73.0 1.465 9.780
4630 73.0 2.099 9.725
4640 73.0 2.720 9.654
4650 73.0 3.342 9.558
4660 73.0 3.963 9.439
4670 73.0 4.583 9.318
4680 73.0 3.496 9.118
4690 73.0 4.207 9.126
4700 73.0 4.780 8.418
4710 73.0 4.184 9.145
4720 73.0 4.546 8.612
4730 73.0 5.753 8.359
4740 73.0 4.949 8.577
4750 73.0 6.682 7.746
4760 73.0 5.305 8.033
4770 73.0 5.783 7.834
4780 73.0 5.699 8.278
4790 73.0 6.693 7.114
4610 74.0 0.449 10.200
4620 74.0 1.178 10.123
4630 74.0 1.907 10.047
4640 74.0 2.593 10.002
4650 74.0 3.261 9.971
4660 74.0 3.919 9.920
4670 74.0 4.560 9.841
4680 74.0 5.214 9.762
4690 74.0 4.298 9.867
4700 74.0 4.886 9.488
4710 74.0 4.504 9.539
4720 74.0 4.384 10.121
4730 74.0 4.124 9.431
4740 74.0 4.876 9.417
4750 74.0 5.122 9.556
4760 74.0 4.546 9.509
4770 74.0 6.549 9.023
4780 74.0 4.329 9.878
4790 74.0 4.103 9.776
4800 74.0 4.722 8.931
4640 75.0 -0.100 11.481
4650 75.0 0.466 11.298
4660 75.0 1.033 11.114
4670 75.0 1.600 10.931
4680 75.0 2.176 11.006
4690 75.0 2.765 11.047
4700 75.0 3.458 10.859
4710 75.0 4.109 10.859
4720 75.0 3.528 10.398
4730 75.0 3.406 10.710
4740 75.0 3.571 11.025
4750 75.0 4.438 10.523
4760 75.0 4.340 10.362
4770 75.0 4.360 10.516
4780 75.0 4.973 10.235
4790 75.0 5.619 9.408
4800 75.0 4.865 9.815
4810 75.0 4.122 9.937
4820 75.0 5.892 9.674
4830 75.0 4.745 10.376
4680 76.0 0.328 7.055
4690 76.0 0.899 7.370
4700 76.0 1.470 7.686
4710 76.0 1.929 8.114
4720 76.0 2.340 8.592
4730 76.0 2.668 9.063
4740 76.0 2.940 9.530
4750 76.0 3.241 9.967
4760 76.0 2.980 9.154
4770 76.0 2.679 9.126
4780 76.0 2.445 8.772
4790 76.0 2.349 8.843
4800 76.0 2.804 8.736
4810 76.0 3.144 9.187
4820 76.0 2.898 8.183
4830 76.0 2.863 7.999
4840 76.0 3.373 8.234
4850 76.0 3.669 7.823
4860 76.0 3.938 7.327
4870 76.0 3.513 7.729
4690 77.0 -0.015 9.260
4700 77.0 0.584 9.021
4710 77.0 1.142 8.696
4720 77.0 1.660 8.289
4730 77.0 2.179 7.892
4740 77.0 2.789 7.542
4750 77.0 3.412 7.209
4760 77.0 4.067 6.983
4770 77.0 3.244 6.733
4780 77.0 3.541 7.185
4790 77.0 3.908 7.125
4800 77.0 4.834 6.381
4810 77.0 5.462 5.843
4820 77.0 4.436 6.633
4830 77.0 7.577 4.601
4840 77.0 6.730 4.181
4850 77.0 7.054 4.287
4860 77.0 6.706 4.529
4870 77.0 3.722 5.302
4880 77.0 2.768 7.837
4910 79.0 0.084 8.329
4920 79.0 0.538 8.329
4930 79.0 1.000 8.325
4940 79.0 1.530 8.281
4950 79.0 2.060 8.236
4960 79.0 2.582 8.178
4970 79.0 3.090 8.098
4980 79.0 3.599 8.019
4990 79.0 3.395 7.722
5000 79.0 3.413 7.834
5010 79.0 3.718 7.496
5020 79.0 4.100 7.717
5030 79.0 4.713 7.389
5040 79.0 4.151 6.870
5050 79.0 5.164 6.032
5060 79.0 4.415 7.306
5070 79.0 4.866 7.262
5080 79.0 5.897 6.644
5090 79.0 6.562 6.437
5100 79.0 6.166 7.281
4910 80.0 -0.039 8.821
4920 80.0 0.472 8.867
4930 80.0 0.983 8.912
4940 80.0 1.496 8.946
4950 80.0 2.010 8.975
4960 80.0 2.523 8.974
4970 80.0 3.034 8.854
4980 80.0 3.545 8.735
4990 80.0 2.330 8.866
5000 80.0 2.894 9.334
5010 80.0 2.505 8.837
5020 80.0 2.884 8.680
5030 80.0 3.511 8.926
5040 80.0 4.397 8.365
5050 80.0 3.856 8.353
5060 80.0 3.711 8.811
5070 80.0 4.148 9.120
5080 80.0 4.107 9.084
5090 80.0 5.220 8.890
5100 80.0 4.117 8.838
4960 82.0 14.943 9.930
4970 82.0 14.312 10.060
4980 82.0 13.680 10.189
4990 82.0 13.049 10.319
5000 82.0 12.449 10.435
5010 82.0 11.863 10.546
5020 82.0 11.277 10.657
5030 82.0 10.656 10.764
5040 82.0 10.781 11.392
5050 82.0 10.374 11.859
5060 82.0 10.228 11.999
5070 82.0 9.129 12.459
5080 82.0 9.430 12.259
5090 82.0 8.666 12.763
5100 82.0 8.240 13.047
5110 82.0 7.284 13.351
5120 82.0 9.012 12.517
5130 82.0 9.353 12.096
5140 82.0 9.069 12.093
5150 82.0 9.770 11.961
4960 83.0 15.153 8.933
4970 83.0 14.522 9.018
4980 83.0 13.891 9.103
4990 83.0 13.259 9.188
5000 83.0 12.598 9.299
5010 83.0 11.936 9.410
5020 83.0 11.282 9.541
5030 83.0 10.658 9.755
5040 83.0 10.638 10.422
5050 83.0 10.519 10.107
5060 83.0 9.834 10.447
5070 83.0 9.598 10.546
5080 83.0 8.252 11.495
5090 83.0 9.209 10.919
5100 83.0 9.769 10.729
5110 83.0 9.240 10.685
5120 83.0 7.813 11.806
5130 83.0 7.769 12.244
5140 83.0 9.643 11.652
5150 83.0 8.063 12.280
5010 84.0 0.180 11.602
5020 84.0 0.925 11.393
5030 84.0 1.670 11.184
5040 84.0 2.405 10.949
5050 84.0 3.134 10.701
5060 84.0 3.863 10.454
5070 84.0 4.609 10.200
5080 84.0 5.356 9.945
5090 84.0 4.560 9.981
5100 84.0 4.695 9.761
5110 84.0 3.948 10.005
5120 84.0 6.782 8.449
5130 84.0 5.398 8.784
5140 84.0 7.315 7.846
5150 84.0 6.811 8.499
5160 84.0 7.213 8.236
5170 84.0 6.372 8.624
5180 84.0 3.180 9.633
5190 84.0 4.344 9.518
5200 84.0 2.406 9.418
5230 87.0 5.098 11.218
5240 87.0 5.612 11.156
5250 87.0 6.127 11.094
5260 87.0 6.641 11.032
5270 87.0 7.149 10.932
5280 87.0 7.655 10.828
5290 87.0 8.161 10.723
5300 87.0 8.684 10.636
5310 87.0 8.648 10.420
5320 87.0 8.430 10.487
5330 87.0 8.250 10.295
5340 87.0 8.152 10.098
5350 87.0 7.733 10.560
5360 87.0 9.046 10.451
5370 87.0 9.693 10.097
5380 87.0 10.090 9.933
5390 87.0 9.557 9.752
5400 87.0 10.711 9.643
5410 87.0 11.122 9.856
5420 87.0 11.432 9.824
5240 88.0 14.842 8.292
5250 88.0 14.346 8.360
5260 88.0 13.850 8.428
5270 88.0 13.346 8.547
5280 88.0 12.839 8.688
5290 88.0 12.353 8.774
5300 88.0 11.889 8.804
5310 88.0 11.421 8.844
5320 88.0 12.276 8.744
5330 88.0 12.174 9.062
5340 88.0 11.062 9.559
5350 88.0 10.658 9.611
5360 88.0 9.934 9.841
5370 88.0 9.742 10.496
5380 88.0 9.460 10.486
5390 88.0 9.265 10.469
5400 88.0 9.292 10.257
5410 88.0 7.236 11.893
5420 88.0 7.376 11.156
5430 88.0 8.055 11.084
5240 89.0 14.810 8.876
5250 89.0 14.377 8.919
5260 89.0 13.943 8.963
5270 89.0 13.490 9.026
5280 89.0 12.961 9.171
5290 89.0 12.432 9.316
5300 89.0 11.902 9.460
5310 89.0 11.442 9.626
5320 89.0 11.095 9.627
5330 89.0 10.903 10.347
5340 89.0 11.318 10.239
5350 89.0 10.044 10.639
5360 89.0 9.457 10.955
5370 89.0 9.259 10.971
5380 89.0 9.234 10.813
5390 89.0 7.829 12.207
5400 89.0 9.589 10.768
5410 89.0 6.560 12.057
5420 89.0 8.326 11.296
5430 89.0 8.551 11.505
5270 90.0 15.242 7.443
5280 90.0 14.484 7.577
5290 90.0 13.727 7.711
5300 90.0 12.981 7.850
5310 90.0 12.266 8.003
5320 90.0 11.550 8.155
5330 90.0 10.863 8.333
5340 90.0 10.183 8.517
5350 90.0 10.882 8.565
5360 90.0 10.997 8.897
5370 90.0 10.022 9.268
5380 90.0 9.362 9.642
5390 90.0 10.270 8.310
5400 90.0 7.585 10.348
5410 90.0 6.787 11.249
5420 90.0 9.460 8.356
5430 90.0 9.245 9.366
5440 90.0 8.541 10.058
5450 90.0 10.232 9.510
5460 90.0 9.501 9.425
5300 91.0 2.649 8.875
5310 91.0 3.189 9.009
5320 91.0 3.728 9.144
5330 91.0 4.267 9.278
5340 91.0 4.821 9.395
5350 91.0 5.385 9.500
5360 91.0 5.959 9.599
5370 91.0 6.621 9.650
5380 91.0 5.089 9.114
5390 91.0 5.346 9.061
5400 91.0 4.989 9.096
5410 91.0 5.249 8.944
5420 91.0 5.036 8.872
5430 91.0 5.961 9.067
5440 91.0 5.284 8.537
5450 91.0 5.427 8.912
5460 91.0 5.541 8.560
5470 91.0 5.514 8.470
5480 91.0 6.096 8.880
5490 91.0 6.089 8.474
5410 92.0 0.360 12.524
5420 92.0 1.071 12.424
5430 92.0 1.781 12.325
5440 92.0 2.564 12.144
5450 92.0 3.355 11.955
5460 92.0 4.146 11.766
5470 92.0 4.778 11.570
5480 92.0 5.409 11.374
5490 92.0 4.311 10.971
5500 92.0 4.424 10.804
5510 92.0 5.581 10.869
5520 92.0 5.454 10.930
5530 92.0 7.895 10.053
5540 92.0 5.049 10.846
5550 92.0 6.951 9.600
5560 92.0 6.520 10.599
5570 92.0 6.795 10.254
5580 92.0 5.032 10.295
5590 92.0 8.162 9.156
5600 92.0 6.149 9.711
5410 93.0 0.511 13.619
5420 93.0 1.022 13.432
5430 93.0 1.533 13.244
5440 93.0 2.014 13.107
5450 93.0 2.465 13.022
5460 93.0 2.916 12.937
5470 93.0 3.450 12.828
5480 93.0 4.018 12.709
5490 93.0 3.732 12.444
5500 93.0 3.995 12.616
5510 93.0 4.340 12.116
5520 93.0 5.053 12.231
5530 93.0 4.276 11.778
5540 93.0 6.103 11.328
5550 93.0 6.323 11.228
5560 93.0 6.013 11.258
5570 93.0 5.692 11.230
5580 93.0 5.475 11.886
5590 93.0 9.191 10.111
5600 93.0 5.119 11.850
5480 94.0 0.358 11.885
5490 94.0 0.989 11.838
5500 94.0 1.621 11.790
5510 94.0 2.163 11.739
5520 94.0 2.705 11.679
5530 94.0 3.235 11.526
5540 94.0 3.766 11.374
5550 94.0 4.351 11.232
5560 94.0 3.135 11.782
5570 94.0 2.542 11.885
5580 94.0 3.895 11.394
5590 94.0 3.563 11.497
5600 94.0 3.364 10.955
5610 94.0 4.062 11.362
5620 94.0 5.023 11.180
5630 94.0 5.117 10.746
5640 94.0 4.934 11.212
5650 94.0 4.613 10.947
5660 94.0 5.399 10.806
5670 94.0 5.412 10.895
5660 95.0 0.031 12.330
5670 95.0 0.507 12.135
5680 95.0 0.982 11.941
5690 95.0 1.459 11.752
5700 95.0 1.942 11.610
5710 95.0 2.425 11.469
5720 95.0 2.937 11.326
5730 95.0 3.494 11.181
5740 95.0 3.591 11.072
5750 95.0 3.751 10.591
5760 95.0 4.429 10.176
5770 95.0 4.620 9.933
5780 95.0 4.572 9.935
5790 95.0 6.158 9.132
5800 95.0 4.668 9.786
5810 95.0 6.212 8.623
5820 95.0 6.311 8.995
5830 95.0 6.390 8.894
5840 95.0 4.901 9.879
5850 95.0 7.368 8.490
5670 96.0 0.229 11.467
5680 96.0 0.743 11.286
5690 96.0 1.256 11.104
5700 96.0 1.737 10.927
5710 96.0 2.204 10.750
5720 96.0 2.694 10.593
5730 96.0 3.220 10.466
5740 96.0 3.746 10.339
5750 96.0 4.004 10.213
5760 96.0 4.128 10.225
5770 96.0 4.217 10.125
5780 96.0 5.569 9.640
5790 96.0 5.531 9.272
5800 96.0 5.587 9.052
5810 96.0 6.050 9.126
5820 96.0 4.889 9.678
5830 96.0 6.624 8.981
5840 96.0 6.169 8.949
5850 96.0 5.684 8.922
5860 96.0 6.481 8.513
5970 97.0 14.796 8.119
5980 97.0 14.250 8.223
5990 97.0 13.705 8.328
6000 97.0 13.160 8.426
6010 97.0 12.616 8.511
6020 97.0 12.073 8.596
6030 97.0 11.520 8.698
6040 97.0 10.928 8.869
6050 97.0 11.444 9.017
6060 97.0 11.275 9.347
6070 97.0 10.781 9.491
6080 97.0 10.035 10.013
6090 97.0 9.382 10.024
6100 97.0 9.625 9.575
6110 97.0 10.053 10.183
6120 97.0 9.009 10.035
6130 97.0 8.413 10.890
6140 97.0 8.482 10.571
6150 97.0 10.043 9.363
6160 97.0 7.279 10.730
5970 98.0 14.748 8.769
5980 98.0 14.275 8.836
5990 98.0 13.801 8.903
6000 98.0 13.304 8.988
6010 98.0 12.752 9.115
6020 98.0 12.199 9.241
6030 98.0 11.650 9.369
6040 98.0 11.134 9.499
6050 98.0 10.846 9.694
6060 98.0 10.882 9.465
6070 98.0 10.268 9.720
6080 98.0 9.221 10.993
6090 98.0 9.006 11.064
6100 98.0 7.512 12.268
6110 98.0 9.140 11.144
6120 98.0 9.027 10.796
6130 98.0 9.316 11.272
6140 98.0 11.445 9.198
6150 98.0 7.403 12.375
6160 98.0 8.652 11.767
6040 99.0 14.923 8.732
6050 99.0 14.300 8.834
6060 99.0 13.676 8.936
6070 99.0 13.055 9.022
6080 99.0 12.439 9.084
6090 99.0 11.824 9.146
6100 99.0 11.192 9.235
6110 99.0 10.554 9.337
6120 99.0 11.184 9.157
6130 99.0 10.412 9.368
6140 99.0 11.375 8.662
6150 99.0 10.704 8.494
6160 99.0 9.573 9.610
6170 99.0 10.694 8.221
6180 99.0 9.456 8.580
6190 99.0 9.122 8.287
6200 99.0 8.423 8.816
6210 99.0 8.069 8.674
6220 99.0 10.481 6.688
6230 99.0 7.529 10.910
6290 104.0 0.542 13.766
6300 104.0 1.198 13.670
6310 104.0 1.853 13.575
6320 104.0 2.509 13.480
6330 104.0 3.161 13.386
6340 104.0 3.807 13.299
6350 104.0 4.452 13.211
6360 104.0 5.120 13.120
6370 104.0 4.918 13.329
6380 104.0 4.139 13.757
6390 104.0 5.560 12.773
6400 104.0 4.995 12.413
6410 104.0 5.381 13.773
6420 104.0 5.095 13.657
6430 104.0 5.372 13.785
6440 104.0 4.277 13.874
6450 104.0 5.005 13.507
6460 104.0 5.238 13.670
6470 104.0 5.490 13.743
6480 104.0 4.942 13.618
6360 105.0 -0.063 13.025
6370 105.0 0.358 12.964
6380 105.0 0.779 12.903
6390 105.0 1.200 12.842
6400 105.0 1.621 12.780
6410 105.0 2.076 12.719
6420 105.0 2.540 12.658
6430 105.0 3.004 12.597
6440 105.0 2.474 12.274
6450 105.0 2.641 11.950
6460 105.0 2.539 11.932
6470 105.0 3.201 11.493
6480 105.0 4.254 11.138
6490 105.0 3.903 11.048
6500 105.0 4.392 11.206
6510 105.0 4.118 11.056
6520 105.0 4.504 10.439
6530 105.0 4.554 10.944
6540 105.0 6.761 9.674
6550 105.0 6.085 9.666
6430 106.0 14.985 8.759
6440 106.0 14.404 8.768
6450 106.0 13.823 8.778
6460 106.0 13.237 8.847
6470 106.0 12.646 8.976
6480 106.0 12.056 9.104
6490 106.0 11.515 9.282
6500 106.0 10.980 9.467
6510 106.0 11.628 8.766
6520 106.0 11.326 9.378
6530 106.0 10.769 9.189
6540 106.0 10.191 8.886
6550 106.0 10.165 10.340
6560 106.0 11.318 9.666
6570 106.0 9.784 9.934
6580 106.0 9.745 10.336
6590 106.0 9.884 10.069
6600 106.0 9.189 10.573
6610 106.0 8.840 10.801
6620 106.0 9.170 9.945
6430 107.0 15.256 8.168
6440 107.0 14.633 8.228
6450 107.0 14.011 8.287
6460 107.0 13.388 8.354
6470 107.0 12.764 8.436
6480 107.0 12.139 8.518
6490 107.0 11.526 8.645
6500 107.0 10.927 8.839
6510 107.0 11.831 9.123
6520 107.0 12.332 8.794
6530 107.0 11.297 9.160
6540 107.0 11.342 9.011
6550 107.0 10.327 9.641
6560 107.0 9.781 9.433
6570 107.0 10.075 10.377
6580 107.0 9.333 10.582
6590 107.0 9.863 10.451
6600 107.0 9.349 10.314
6610 107.0 9.120 10.049
6620 107.0 7.841 11.253
6890 112.0 14.822 7.432
6900 112.0 14.138 7.575
6910 112.0 13.454 7.718
6920 112.0 12.808 7.883
6930 112.0 12.166 8.050
6940 112.0 11.499 8.203
6950 112.0 10.829 8.355
6960 112.0 10.210 8.506
6970 112.0 8.968 9.687
6980 112.0 9.169 9.728
6990 112.0 8.491 10.171
7000 112.0 7.966 10.757
7010 112.0 7.879 10.508
7020 112.0 11.624 8.468
7030 112.0 5.809 11.861
7040 112.0 9.113 10.670
7050 112.0 6.714 12.250
7060 112.0 12.288 9.823
7070 112.0 7.078 12.332
7080 112.0 8.539 11.889
6890 113.0 15.008 8.077
6900 113.0 14.358 8.208
6910 113.0 13.707 8.338
6920 113.0 13.098 8.473
6930 113.0 12.507 8.611
6940 113.0 11.917 8.748
6950 113.0 11.329 8.877
6960 113.0 10.742 9.007
6970 113.0 11.678 8.746
6980 113.0 10.136 9.412
6990 113.0 10.582 8.845
7000 113.0 9.963 9.611
7010 113.0 9.996 9.627
7020 113.0 9.266 9.579
7030 113.0 9.125 10.434
7040 113.0 8.429 10.545
7050 113.0 9.683 10.177
7060 113.0 7.597 10.708
7070 113.0 6.490 11.443
7080 113.0 7.999 11.195
7170 116.0 0.084 11.050
7180 116.0 0.602 10.967
7190 116.0 1.120 10.885
7200 116.0 1.610 10.795
7210 116.0 2.056 10.693
7220 116.0 2.503 10.592
7230 116.0 2.956 10.490
7240 116.0 3.470 10.375
7250 116.0 3.213 10.113
7260 116.0 3.593 10.492
7270 116.0 2.970 11.170
7280 116.0 3.594 10.526
7290 116.0 3.739 10.875
7300 116.0 4.536 10.782
7310 116.0 3.569 10.475
7320 116.0 5.492 10.031
7330 116.0 4.672 9.950
7340 116.0 5.333 10.735
7350 116.0 5.381 10.211
7360 116.0 4.833 10.949
7180 117.0 0.255 10.400
7190 117.0 0.755 10.300
7200 117.0 1.255 10.201
7210 117.0 1.765 10.106
7220 117.0 2.276 10.013
7230 117.0 2.792 9.914
7240 117.0 3.347 9.771
7250 117.0 3.903 9.628
7260 117.0 3.858 9.717
7270 117.0 4.138 9.449
7280 117.0 4.483 9.437
7290 117.0 4.990 9.613
7300 117.0 4.544 9.441
7310 117.0 4.670 10.071
7320 117.0 5.463 8.887
7330 117.0 6.041 9.207
7340 117.0 4.720 9.303
7350 117.0 4.839 9.607
7360 117.0 5.887 8.475
7370 117.0 5.650 9.028
