0 32.0 13.493 39.901
12 32.0 13.493 39.751
24 32.0 13.493 39.602
36 32.0 13.493 39.528
48 32.0 13.567 39.453
60 32.0 13.567 39.304
72 32.0 13.567 39.230
84 32.0 13.605 39.155
96 32.0 13.636 39.030
108 32.0 13.534 38.679
120 32.0 13.295 38.150
132 32.0 13.424 38.187
144 32.0 13.380 37.581
156 32.0 13.730 37.266
168 32.0 13.650 37.470
180 32.0 13.588 36.524
192 32.0 13.560 35.400
204 32.0 13.545 35.070
216 32.0 13.484 34.216
228 32.0 13.393 33.969
0 36.0 2.497 -8.815
12 36.0 2.497 -8.815
24 36.0 2.497 -8.815
36 36.0 2.497 -8.815
48 36.0 2.497 -8.815
60 36.0 2.497 -8.815
72 36.0 2.497 -8.815
84 36.0 2.497 -8.815
96 36.0 2.492 -8.870
108 36.0 2.509 -8.841
120 36.0 2.517 -8.777
132 36.0 2.566 -8.880
144 36.0 2.620 -8.884
156 36.0 2.579 -8.838
168 36.0 2.625 -8.813
180 36.0 2.716 -8.849
192 36.0 2.681 -8.752
204 36.0 2.713 -8.788
216 36.0 2.638 -8.753
228 36.0 2.658 -8.737
0 89.0 14.294 38.782
12 89.0 14.294 38.596
24 89.0 14.294 38.596
36 89.0 14.294 38.596
48 89.0 14.294 38.521
60 89.0 14.294 38.521
72 89.0 14.294 38.447
84 89.0 14.294 38.447
96 89.0 14.303 38.560
108 89.0 14.229 38.461
120 89.0 14.284 38.499
132 89.0 14.330 38.491
144 89.0 14.284 38.501
156 89.0 14.290 38.435
168 89.0 14.227 38.354
180 89.0 14.314 38.383
192 89.0 14.263 38.407
204 89.0 14.233 38.388
216 89.0 14.178 38.227
228 89.0 14.209 38.038
0 91.0 -4.380 17.854
12 91.0 -3.895 17.388
24 91.0 -3.261 17.239
36 91.0 -2.665 17.239
48 91.0 -2.031 17.239
60 91.0 -1.360 17.239
72 91.0 -0.727 17.090
84 91.0 -0.242 17.090
96 91.0 -0.189 16.741
108 91.0 -1.562 17.766
120 91.0 -1.130 17.466
132 91.0 -0.857 17.675
144 91.0 0.320 17.275
156 91.0 0.549 16.931
168 91.0 -0.132 17.550
180 91.0 0.871 16.369
192 91.0 0.712 16.739
204 91.0 1.447 16.417
216 91.0 -0.597 16.663
228 91.0 -0.467 16.545
0 93.0 -7.119 48.268
12 93.0 -7.194 47.802
24 93.0 -7.194 47.355
36 93.0 -7.045 46.889
48 93.0 -6.709 46.274
60 93.0 -6.299 45.827
72 93.0 -5.945 45.342
84 93.0 -5.591 44.746
96 93.0 -5.799 44.518
108 93.0 -5.767 44.339
120 93.0 -5.526 44.727
132 93.0 -5.737 43.849
144 93.0 -5.966 43.797
156 93.0 -5.615 43.307
168 93.0 -5.044 42.328
180 93.0 -4.980 41.391
192 93.0 -4.669 41.938
204 93.0 -4.691 41.702
216 93.0 -4.683 43.772
228 93.0 -5.355 44.440
0 95.0 -9.915 43.516
12 95.0 -9.579 44.597
24 95.0 -9.244 45.827
36 95.0 -8.834 46.889
48 95.0 -8.424 48.101
60 95.0 -7.939 49.331
72 95.0 -7.455 50.486
84 95.0 -7.045 51.716
96 95.0 -8.067 48.048
108 95.0 -8.128 47.124
120 95.0 -8.076 48.193
132 95.0 -7.638 47.883
144 95.0 -7.779 47.924
156 95.0 -6.969 48.646
168 95.0 -8.347 48.814
180 95.0 -8.356 48.014
192 95.0 -7.639 49.265
204 95.0 -7.751 48.884
216 95.0 -8.358 49.999
228 95.0 -8.464 49.923
24 97.0 -25.867 19.848
36 97.0 -25.047 19.848
48 97.0 -24.283 19.848
60 97.0 -23.463 19.848
72 97.0 -22.718 19.848
84 97.0 -21.898 19.848
96 97.0 -21.134 19.699
108 97.0 -20.388 19.699
120 97.0 -22.726 20.080
132 97.0 -22.557 20.004
144 97.0 -22.201 20.299
156 97.0 -21.747 19.942
168 97.0 -22.278 20.308
180 97.0 -21.837 19.804
192 97.0 -22.160 19.933
204 97.0 -21.304 20.080
216 97.0 -21.206 20.502
228 97.0 -21.598 20.610
240 97.0 -22.077 20.071
252 97.0 -21.638 19.823
180 99.0 -18.413 -13.400
192 99.0 -18.711 -12.952
204 99.0 -18.897 -12.468
216 99.0 -19.121 -12.020
228 99.0 -19.307 -11.424
240 99.0 -19.382 -10.940
252 99.0 -19.382 -10.343
264 99.0 -19.382 -9.877
276 99.0 -19.632 -10.620
288 99.0 -19.287 -10.723
300 99.0 -19.334 -9.585
312 99.0 -19.274 -8.998
324 99.0 -19.179 -9.300
336 99.0 -19.015 -9.034
348 99.0 -19.122 -9.713
360 99.0 -19.431 -8.989
372 99.0 -19.393 -7.946
384 99.0 -19.446 -7.264
396 99.0 -20.197 -6.594
408 99.0 -19.038 -6.724
228 100.0 -18.338 -13.250
240 100.0 -18.636 -12.952
252 100.0 -18.711 -12.486
264 100.0 -18.785 -11.946
276 100.0 -18.841 -11.499
288 100.0 -18.897 -10.940
300 100.0 -18.972 -10.492
312 100.0 -19.009 -10.045
324 100.0 -19.146 -10.483
336 100.0 -19.653 -9.933
348 100.0 -19.823 -10.988
360 100.0 -20.202 -10.400
372 100.0 -19.730 -10.313
384 100.0 -20.187 -9.768
396 100.0 -20.843 -9.742
408 100.0 -20.652 -9.930
420 100.0 -20.157 -9.547
432 100.0 -20.938 -9.581
444 100.0 -21.258 -9.046
456 100.0 -21.587 -8.643
240 33.0 13.847 37.701
252 33.0 13.865 37.701
264 33.0 13.865 37.552
276 33.0 13.865 37.403
288 33.0 13.903 37.310
300 33.0 13.940 37.217
312 33.0 13.940 37.068
324 33.0 13.940 36.993
336 33.0 13.890 37.172
348 33.0 14.041 36.928
360 33.0 13.851 36.953
372 33.0 13.930 36.598
384 33.0 13.723 36.541
396 33.0 13.637 36.228
408 33.0 13.675 35.683
420 33.0 13.967 35.507
432 33.0 14.033 35.188
444 33.0 13.941 35.381
456 33.0 13.929 34.732
468 33.0 13.722 34.059
240 37.0 2.497 -8.815
252 37.0 2.497 -8.815
264 37.0 2.497 -8.815
276 37.0 2.497 -8.815
288 37.0 2.497 -8.815
300 37.0 2.497 -8.815
312 37.0 2.497 -8.815
324 37.0 2.497 -8.815
336 37.0 2.523 -8.793
348 37.0 2.556 -8.815
360 37.0 2.568 -8.883
372 37.0 2.544 -8.924
384 37.0 2.570 -8.931
396 37.0 2.661 -8.939
408 37.0 2.791 -8.936
420 37.0 2.928 -9.021
432 37.0 3.031 -9.125
444 37.0 2.969 -9.042
456 37.0 3.036 -8.993
468 37.0 3.277 -9.163
240 90.0 14.406 38.000
252 90.0 14.406 37.925
264 90.0 14.406 37.925
276 90.0 14.406 37.925
288 90.0 14.406 37.851
300 90.0 14.406 37.851
312 90.0 14.406 37.776
324 90.0 14.425 37.776
336 90.0 14.564 37.655
348 90.0 14.562 37.516
360 90.0 14.710 37.675
372 90.0 14.755 37.419
384 90.0 14.998 37.266
396 90.0 14.972 37.068
408 90.0 15.031 37.020
420 90.0 15.261 36.817
432 90.0 14.986 36.381
444 90.0 15.189 35.998
456 90.0 14.831 35.394
468 90.0 15.008 35.550
240 92.0 6.591 16.942
252 92.0 6.286 16.954
264 92.0 5.981 16.966
276 92.0 5.676 16.978
288 92.0 5.371 16.990
300 92.0 5.066 17.003
312 92.0 4.762 17.015
324 92.0 4.457 17.027
336 92.0 4.009 17.456
348 92.0 4.161 16.943
360 92.0 4.357 17.520
372 92.0 3.621 17.627
384 92.0 3.901 17.775
396 92.0 3.425 17.795
408 92.0 3.419 17.946
420 92.0 2.749 18.362
432 92.0 2.146 18.610
444 92.0 1.229 19.157
456 92.0 0.722 18.939
468 92.0 0.228 19.735
240 94.0 -1.752 48.734
252 94.0 -1.565 49.181
264 94.0 -1.342 49.647
276 94.0 -1.155 50.113
288 94.0 -0.932 50.561
300 94.0 -0.745 51.026
312 94.0 -0.522 51.492
324 94.0 -0.373 51.865
336 94.0 -0.315 52.571
348 94.0 -0.089 52.960
360 94.0 0.390 54.321
372 94.0 -0.322 52.699
384 94.0 0.106 54.616
396 94.0 -0.045 53.238
408 94.0 -0.293 54.103
420 94.0 0.238 54.135
432 94.0 -0.613 54.142
444 94.0 0.239 54.653
456 94.0 -0.548 56.164
468 94.0 -0.682 56.569
240 96.0 -6.814 52.214
252 96.0 -6.812 52.218
264 96.0 -6.810 52.222
276 96.0 -6.808 52.226
288 96.0 -6.806 52.230
300 96.0 -6.804 52.234
312 96.0 -6.802 52.239
324 96.0 -6.800 52.243
336 96.0 -6.773 52.199
348 96.0 -6.755 52.138
360 96.0 -6.774 52.167
372 96.0 -6.818 52.240
384 96.0 -6.811 52.270
396 96.0 -6.816 52.282
408 96.0 -6.843 52.257
420 96.0 -6.879 52.191
432 96.0 -6.871 52.146
444 96.0 -6.926 52.257
456 96.0 -6.985 52.224
468 96.0 -7.043 52.347
264 98.0 -10.157 19.699
276 98.0 -9.411 19.699
288 98.0 -8.591 19.699
300 98.0 -7.827 19.699
312 98.0 -7.007 19.699
324 98.0 -6.243 19.699
336 98.0 -5.423 19.699
348 98.0 -4.473 19.699
360 98.0 -6.177 19.583
372 98.0 -6.084 19.667
384 98.0 -6.414 19.564
396 98.0 -6.017 19.610
408 98.0 -6.023 18.824
420 98.0 -5.611 19.691
432 98.0 -5.317 19.315
444 98.0 -4.081 18.630
456 98.0 -5.110 19.188
468 98.0 -4.099 18.835
480 98.0 -4.332 19.311
492 98.0 -3.552 19.306
276 7.0 -3.988 -13.921
288 7.0 -4.137 -13.474
300 7.0 -4.193 -13.027
312 7.0 -4.324 -12.393
324 7.0 -4.473 -11.946
336 7.0 -4.547 -11.499
348 7.0 -4.678 -11.014
360 7.0 -4.734 -10.567
372 7.0 -4.665 -10.644
384 7.0 -5.256 -10.285
396 7.0 -5.469 -9.843
408 7.0 -5.235 -9.440
420 7.0 -5.048 -9.443
432 7.0 -5.821 -9.052
444 7.0 -5.425 -8.748
456 7.0 -6.124 -8.806
468 7.0 -5.885 -8.537
480 7.0 -6.093 -7.623
492 7.0 -6.161 -8.054
504 7.0 -5.925 -7.413
276 26.0 -5.088 -14.089
288 26.0 -5.144 -13.623
300 26.0 -5.293 -13.250
312 26.0 -5.367 -12.803
324 26.0 -5.442 -12.319
336 26.0 -5.535 -11.871
348 26.0 -5.628 -11.499
360 26.0 -5.703 -11.014
372 26.0 -5.650 -11.019
384 26.0 -5.697 -10.642
396 26.0 -6.134 -10.475
408 26.0 -6.206 -10.969
420 26.0 -5.807 -10.365
432 26.0 -6.278 -10.976
444 26.0 -5.771 -9.750
456 26.0 -6.291 -9.788
468 26.0 -5.795 -9.075
480 26.0 -6.534 -10.502
492 26.0 -6.303 -9.410
504 26.0 -5.779 -8.539
480 34.0 14.760 35.018
492 34.0 14.909 34.869
504 34.0 14.835 34.869
516 34.0 14.667 35.018
528 34.0 14.499 35.241
540 34.0 14.387 35.465
552 34.0 14.220 35.689
564 34.0 14.015 35.856
576 34.0 13.861 35.977
588 34.0 13.889 35.896
600 34.0 13.619 36.128
612 34.0 13.297 36.240
624 34.0 12.540 36.507
636 34.0 12.811 36.603
648 34.0 11.665 37.075
660 34.0 11.994 37.150
672 34.0 11.601 37.524
684 34.0 10.460 38.395
696 34.0 10.708 38.177
708 34.0 8.788 38.747
480 38.0 2.497 -8.815
492 38.0 2.497 -8.815
504 38.0 2.460 -8.890
516 38.0 2.460 -8.890
528 38.0 2.460 -8.890
540 38.0 2.460 -8.890
552 38.0 2.460 -8.890
564 38.0 2.460 -8.890
576 38.0 2.417 -8.876
588 38.0 2.453 -8.905
600 38.0 2.434 -8.885
612 38.0 2.400 -8.947
624 38.0 2.335 -8.914
636 38.0 2.379 -8.816
648 38.0 2.419 -8.892
660 38.0 2.413 -8.934
672 38.0 2.376 -8.891
684 38.0 2.407 -8.903
696 38.0 2.386 -8.942
708 38.0 2.344 -8.887
504 31.0 -20.370 1.062
516 31.0 -20.668 1.547
528 31.0 -21.003 1.994
540 31.0 -21.264 2.441
552 31.0 -21.618 2.926
564 31.0 -21.898 3.373
576 31.0 -22.233 3.820
588 31.0 -22.569 4.156
600 31.0 -23.156 4.621
612 31.0 -23.023 4.603
624 31.0 -23.291 5.464
636 31.0 -23.180 5.569
648 31.0 -22.304 4.962
660 31.0 -22.545 5.162
672 31.0 -23.544 5.439
684 31.0 -23.803 6.273
696 31.0 -24.314 6.680
708 31.0 -24.476 5.802
720 31.0 -23.642 5.430
732 31.0 -23.381 4.890
504 145.0 14.555 36.621
516 145.0 14.220 36.621
528 145.0 13.884 36.621
540 145.0 13.549 36.621
552 145.0 13.195 36.621
564 145.0 12.840 36.621
576 145.0 12.654 36.770
588 145.0 12.430 36.770
600 145.0 12.214 37.286
612 145.0 11.669 37.289
624 145.0 11.772 37.285
636 145.0 10.940 37.346
648 145.0 10.234 38.088
660 145.0 10.072 38.461
672 145.0 9.313 38.639
684 145.0 7.836 39.225
696 145.0 7.994 39.198
708 145.0 8.647 38.410
720 145.0 7.502 39.438
732 145.0 7.631 39.135
516 8.0 -6.299 -4.119
528 8.0 -6.485 -3.597
540 8.0 -6.709 -3.150
552 8.0 -6.933 -2.665
564 8.0 -7.156 -2.143
576 8.0 -7.343 -1.677
588 8.0 -7.678 -1.286
600 8.0 -7.976 -0.988
612 8.0 -7.613 -0.932
624 8.0 -7.724 -1.280
636 8.0 -8.100 -0.569
648 8.0 -8.625 -0.105
660 8.0 -8.181 -0.146
672 8.0 -9.526 -0.039
684 8.0 -8.550 0.585
696 8.0 -9.104 1.056
708 8.0 -8.198 0.793
720 8.0 -9.444 2.111
732 8.0 -10.448 3.056
744 8.0 -8.521 -0.192
516 27.0 -7.045 -5.200
528 27.0 -7.305 -4.603
540 27.0 -7.529 -4.119
552 27.0 -7.753 -3.671
564 27.0 -8.051 -3.056
576 27.0 -8.237 -2.590
588 27.0 -8.517 -2.143
600 27.0 -8.796 -1.677
612 27.0 -8.467 -1.729
624 27.0 -7.916 -2.263
636 27.0 -8.542 -2.266
648 27.0 -8.284 -1.505
660 27.0 -9.126 -0.236
672 27.0 -8.366 -1.239
684 27.0 -7.700 -1.306
696 27.0 -9.379 -1.018
708 27.0 -8.572 -1.061
720 27.0 -8.900 0.248
732 27.0 -9.026 0.632
744 27.0 -8.289 0.521
720 35.0 9.970 40.460
732 35.0 9.635 40.609
744 35.0 9.355 40.907
756 35.0 9.001 41.056
768 35.0 8.666 41.205
780 35.0 8.330 41.522
792 35.0 7.920 41.839
804 35.0 7.566 42.137
816 35.0 6.887 42.200
828 35.0 6.119 42.798
840 35.0 6.734 42.300
852 35.0 5.663 43.040
864 35.0 5.708 43.127
876 35.0 4.523 43.652
888 35.0 3.839 44.046
900 35.0 3.830 43.957
912 35.0 3.939 44.345
924 35.0 2.914 44.936
936 35.0 5.373 43.826
948 35.0 1.225 46.027
720 39.0 2.460 -8.964
732 39.0 2.460 -8.964
744 39.0 2.460 -8.964
756 39.0 2.460 -8.964
768 39.0 2.460 -8.964
780 39.0 2.460 -8.964
792 39.0 2.460 -8.964
804 39.0 2.460 -8.964
816 39.0 2.451 -8.951
828 39.0 2.504 -8.925
840 39.0 2.450 -8.953
852 39.0 2.411 -8.976
864 39.0 2.400 -8.890
876 39.0 2.396 -8.911
888 39.0 2.470 -8.883
900 39.0 2.446 -8.917
912 39.0 2.456 -8.947
924 39.0 2.403 -8.918
936 39.0 2.395 -8.933
948 39.0 2.381 -8.894
744 64.0 4.845 14.033
756 64.0 4.510 13.884
768 64.0 4.175 13.716
780 64.0 3.839 13.716
792 64.0 3.504 13.549
804 64.0 3.131 13.400
816 64.0 2.795 13.250
828 64.0 2.535 13.101
840 64.0 2.674 13.433
852 64.0 2.391 13.162
864 64.0 1.905 13.422
876 64.0 2.363 13.765
888 64.0 1.499 14.053
900 64.0 1.380 14.184
912 64.0 0.953 14.411
924 64.0 0.942 14.022
936 64.0 0.916 14.778
948 64.0 -0.017 14.173
960 64.0 1.382 13.789
972 64.0 -0.034 14.808
744 146.0 8.051 39.230
756 146.0 7.566 39.528
768 146.0 7.156 39.677
780 146.0 6.802 39.826
792 146.0 6.541 40.143
804 146.0 6.336 40.311
816 146.0 6.057 40.460
828 146.0 5.796 40.609
840 146.0 5.407 40.856
852 146.0 4.690 41.398
864 146.0 4.385 41.688
876 146.0 4.867 41.473
888 146.0 3.290 42.414
900 146.0 2.358 43.089
912 146.0 2.518 42.913
924 146.0 2.927 42.367
936 146.0 1.944 43.272
948 146.0 1.573 43.389
960 146.0 0.081 43.742
972 146.0 1.239 43.094
756 9.0 -12.635 3.448
768 9.0 -13.045 3.746
780 9.0 -13.455 4.063
792 9.0 -13.865 4.380
804 9.0 -14.275 4.827
816 9.0 -14.611 5.125
828 9.0 -15.021 5.442
840 9.0 -15.431 5.759
852 9.0 -15.899 5.410
864 9.0 -16.083 5.624
876 9.0 -16.957 5.905
888 9.0 -15.770 5.299
900 9.0 -16.909 5.898
912 9.0 -17.215 6.179
924 9.0 -18.715 7.007
936 9.0 -19.177 7.442
948 9.0 -19.705 7.511
960 9.0 -18.344 7.034
972 9.0 -19.039 7.184
984 9.0 -20.258 7.684
756 28.0 -13.195 2.609
768 28.0 -13.605 2.926
780 28.0 -13.940 3.224
792 28.0 -14.350 3.522
804 28.0 -14.760 3.820
816 28.0 -15.170 4.156
828 28.0 -15.505 4.454
840 28.0 -15.915 4.752
852 28.0 -16.338 4.777
864 28.0 -16.381 4.864
876 28.0 -17.416 5.229
888 28.0 -17.947 5.674
900 28.0 -18.064 5.931
912 28.0 -19.166 6.432
924 28.0 -20.055 6.702
936 28.0 -20.143 6.817
948 28.0 -20.986 6.901
960 28.0 -20.761 6.877
972 28.0 -19.600 6.601
984 28.0 -19.298 6.197
984 65.0 0.820 9.747
996 65.0 0.820 9.262
1008 65.0 0.783 8.890
1020 65.0 0.783 8.424
1032 65.0 0.745 7.976
1044 65.0 0.745 7.510
1056 65.0 0.745 7.119
1068 65.0 0.708 6.597
1080 65.0 1.013 6.731
1092 65.0 0.881 5.993
1104 65.0 0.862 5.135
1116 65.0 0.955 4.880
1128 65.0 0.890 4.962
1140 65.0 1.129 3.378
1152 65.0 1.175 3.487
1164 65.0 1.127 1.317
1176 65.0 0.917 0.946
1188 65.0 0.795 1.263
1200 65.0 1.523 1.808
1212 65.0 1.430 2.104
984 147.0 4.007 41.839
996 147.0 4.007 41.839
1008 147.0 4.268 41.596
1020 147.0 4.752 41.447
1032 147.0 5.069 41.373
1044 147.0 5.069 41.373
1056 147.0 4.995 41.522
1068 147.0 4.920 41.671
1080 147.0 5.599 41.312
1092 147.0 5.482 41.282
1104 147.0 5.515 40.998
1116 147.0 5.773 41.190
1128 147.0 5.795 40.889
1140 147.0 6.207 40.415
1152 147.0 7.123 39.865
1164 147.0 6.802 40.278
1176 147.0 7.574 39.740
1188 147.0 7.620 39.911
1200 147.0 9.052 38.678
1212 147.0 8.222 38.863
996 101.0 2.963 -5.144
1008 101.0 2.590 -5.889
1020 101.0 2.590 -5.889
1032 101.0 2.590 -5.889
1044 101.0 2.516 -5.889
1056 101.0 2.516 -5.889
1068 101.0 2.516 -5.889
1080 101.0 2.460 -5.889
1092 101.0 2.258 -6.437
1104 101.0 2.202 -6.519
1116 101.0 2.268 -6.965
1128 101.0 2.274 -6.982
1140 101.0 2.298 -7.630
1152 101.0 2.759 -7.863
1164 101.0 2.728 -8.824
1176 101.0 2.832 -8.775
1188 101.0 2.946 -8.379
1200 101.0 3.047 -8.813
1212 101.0 3.173 -9.722
1224 101.0 3.098 -9.627
1188 55.0 -5.367 -14.480
1200 55.0 -5.870 -14.331
1212 55.0 -6.225 -14.015
1224 55.0 -6.560 -13.549
1236 55.0 -6.895 -13.250
1248 55.0 -7.250 -12.952
1260 55.0 -7.604 -12.635
1272 55.0 -7.939 -12.170
1284 55.0 -8.542 -12.003
1296 55.0 -9.190 -11.735
1308 55.0 -9.941 -11.396
1320 55.0 -10.147 -11.497
1332 55.0 -10.945 -11.143
1344 55.0 -11.425 -10.689
1356 55.0 -11.492 -10.576
1368 55.0 -12.627 -10.030
1380 55.0 -12.122 -10.359
1392 55.0 -12.484 -10.248
1404 55.0 -11.667 -10.522
1416 55.0 -11.576 -10.473
1200 50.0 -4.883 -14.089
1212 50.0 -5.218 -13.791
1224 50.0 -5.572 -13.493
1236 50.0 -5.908 -13.157
1248 50.0 -6.262 -13.008
1260 50.0 -6.597 -12.710
1272 50.0 -7.007 -12.412
1284 50.0 -7.343 -12.114
1296 50.0 -8.004 -12.080
1308 50.0 -7.802 -12.090
1320 50.0 -8.754 -11.660
1332 50.0 -8.045 -11.985
1344 50.0 -8.804 -11.752
1356 50.0 -9.201 -11.303
1368 50.0 -10.755 -10.266
1380 50.0 -10.020 -10.633
1392 50.0 -11.029 -10.380
1404 50.0 -10.736 -10.578
1416 50.0 -10.723 -10.753
1428 50.0 -10.742 -10.649
1200 53.0 -5.945 -14.015
1212 53.0 -6.280 -13.716
1224 53.0 -6.635 -13.418
1236 53.0 -6.970 -13.083
1248 53.0 -7.324 -12.785
1260 53.0 -7.660 -12.486
1272 53.0 -7.995 -12.039
1284 53.0 -8.275 -11.704
1296 53.0 -8.432 -12.042
1308 53.0 -8.710 -11.622
1320 53.0 -9.485 -11.340
1332 53.0 -10.087 -11.059
1344 53.0 -10.847 -10.954
1356 53.0 -10.661 -10.686
1368 53.0 -12.119 -9.485
1380 53.0 -11.354 -10.047
1392 53.0 -11.540 -10.170
1404 53.0 -11.980 -9.974
1416 53.0 -12.597 -9.389
1428 53.0 -12.570 -9.748
1224 66.0 -0.075 1.249
1236 66.0 -0.298 0.913
1248 66.0 -0.485 0.615
1260 66.0 -0.634 0.317
1272 66.0 -0.969 -0.130
1284 66.0 -1.249 -0.466
1296 66.0 -1.528 -0.764
1308 66.0 -1.789 -1.062
1320 66.0 -1.999 -0.889
1332 66.0 -1.880 -1.455
1344 66.0 -1.476 -1.299
1356 66.0 -1.529 -1.703
1368 66.0 -1.331 -2.217
1380 66.0 -0.970 -2.584
1392 66.0 -0.838 -4.317
1404 66.0 -0.665 -6.013
1416 66.0 -0.659 -6.643
1428 66.0 -0.457 -4.616
1440 66.0 -1.396 -4.976
1452 66.0 -0.829 -4.244
1224 148.0 4.510 42.752
1236 148.0 4.510 42.752
1248 148.0 4.510 42.752
1260 148.0 4.510 42.752
1272 148.0 4.510 42.752
1284 148.0 4.510 42.752
1296 148.0 4.510 42.752
1308 148.0 4.510 42.752
1320 148.0 4.535 42.756
1332 148.0 4.571 42.750
1344 148.0 4.558 42.736
1356 148.0 4.564 42.784
1368 148.0 4.520 42.710
1380 148.0 4.501 42.637
1392 148.0 4.516 42.659
1404 148.0 4.564 42.666
1416 148.0 4.536 42.644
1428 148.0 4.547 42.608
1440 148.0 4.525 42.556
1452 148.0 4.530 42.592
1236 102.0 2.180 -5.889
1248 102.0 2.180 -5.889
1260 102.0 2.180 -6.038
1272 102.0 2.106 -6.038
1284 102.0 2.106 -6.038
1296 102.0 2.106 -6.038
1308 102.0 2.031 -6.038
1320 102.0 2.031 -6.038
1332 102.0 2.062 -5.958
1344 102.0 2.082 -5.967
1356 102.0 2.111 -5.991
1368 102.0 2.147 -5.994
1380 102.0 2.074 -6.084
1392 102.0 2.034 -6.107
1404 102.0 2.049 -6.054
1416 102.0 2.077 -6.035
1428 102.0 2.011 -6.073
1440 102.0 2.099 -5.983
1452 102.0 2.094 -5.941
1464 102.0 2.089 -5.974
1428 56.0 -12.393 -7.734
1440 56.0 -12.747 -7.436
1452 56.0 -13.083 -6.970
1464 56.0 -13.344 -6.653
1476 56.0 -13.698 -6.206
1488 56.0 -14.033 -5.889
1500 56.0 -14.313 -5.423
1512 56.0 -14.760 -5.125
1524 56.0 -14.278 -5.507
1536 56.0 -14.291 -5.569
1548 56.0 -14.625 -5.385
1560 56.0 -15.462 -5.210
1572 56.0 -16.029 -4.781
1584 56.0 -16.035 -5.185
1596 56.0 -16.235 -4.749
1608 56.0 -17.192 -4.127
1620 56.0 -16.900 -4.129
1632 56.0 -18.893 -2.896
1644 56.0 -17.162 -4.135
1656 56.0 -17.820 -3.676
1440 51.0 -11.815 -6.895
1452 51.0 -12.076 -6.597
1464 51.0 -12.430 -6.113
1476 51.0 -12.840 -5.815
1488 51.0 -13.250 -5.367
1500 51.0 -13.586 -4.883
1512 51.0 -13.940 -4.510
1524 51.0 -14.201 -4.063
1536 51.0 -13.240 -4.738
1548 51.0 -13.842 -4.346
1560 51.0 -13.503 -4.714
1572 51.0 -14.442 -4.305
1584 51.0 -14.337 -4.344
1596 51.0 -14.588 -4.155
1608 51.0 -15.175 -3.612
1620 51.0 -15.713 -3.647
1632 51.0 -15.707 -3.606
1644 51.0 -16.251 -3.296
1656 51.0 -16.006 -3.993
1668 51.0 -16.296 -3.367
1440 54.0 -12.598 -7.417
1452 54.0 -12.952 -6.970
1464 54.0 -13.288 -6.672
1476 54.0 -13.549 -6.336
1488 54.0 -13.903 -6.038
1500 54.0 -14.182 -5.591
1512 54.0 -14.518 -5.218
1524 54.0 -14.853 -4.808
1536 54.0 -15.457 -4.969
1548 54.0 -15.231 -5.047
1560 54.0 -16.043 -4.529
1572 54.0 -16.173 -4.644
1584 54.0 -16.728 -4.075
1596 54.0 -16.887 -4.164
1608 54.0 -16.167 -4.449
1620 54.0 -18.020 -3.258
1632 54.0 -18.269 -3.065
1644 54.0 -17.635 -3.264
1656 54.0 -19.019 -2.479
1668 54.0 -18.597 -3.085
1464 67.0 -5.367 -4.901
1476 67.0 -5.628 -5.050
1488 67.0 -5.908 -5.349
1500 67.0 -6.113 -5.498
1512 67.0 -6.187 -5.572
1524 67.0 -6.187 -5.572
1536 67.0 -6.262 -5.572
1548 67.0 -6.262 -5.572
1560 67.0 -6.293 -5.717
1572 67.0 -6.579 -5.669
1584 67.0 -6.683 -5.681
1596 67.0 -7.039 -5.820
1608 67.0 -6.737 -6.480
1620 67.0 -6.391 -6.107
1632 67.0 -6.335 -5.996
1644 67.0 -5.667 -5.833
1656 67.0 -6.022 -6.070
1668 67.0 -6.312 -6.625
1680 67.0 -6.308 -7.205
1692 67.0 -6.080 -6.819
1464 149.0 4.510 42.752
1476 149.0 4.510 42.752
1488 149.0 4.510 42.752
1500 149.0 4.510 42.752
1512 149.0 4.473 42.752
1524 149.0 4.473 42.826
1536 149.0 4.473 42.976
1548 149.0 4.435 43.050
1560 149.0 4.435 42.938
1572 149.0 4.456 42.942
1584 149.0 4.384 42.950
1596 149.0 4.463 42.890
1608 149.0 4.449 42.943
1620 149.0 4.506 42.931
1632 149.0 4.426 43.002
1644 149.0 4.460 43.100
1656 149.0 4.550 42.939
1668 149.0 4.580 42.954
1680 149.0 4.609 42.943
1692 149.0 4.531 43.040
1476 103.0 1.770 -6.038
1488 103.0 1.770 -6.038
1500 103.0 1.770 -6.038
1512 103.0 1.733 -6.038
1524 103.0 1.733 -6.038
1536 103.0 1.733 -5.964
1548 103.0 1.733 -5.889
1560 103.0 1.733 -5.889
1572 103.0 1.779 -5.926
1584 103.0 1.819 -5.924
1596 103.0 1.895 -5.912
1608 103.0 1.930 -5.904
1620 103.0 1.906 -5.858
1632 103.0 2.017 -5.874
1644 103.0 2.023 -5.761
1656 103.0 2.110 -5.797
1668 103.0 2.080 -5.614
1680 103.0 2.002 -5.421
1692 103.0 2.042 -5.627
1704 103.0 1.971 -5.754
1500 139.0 3.466 44.280
1512 139.0 3.466 44.280
1524 139.0 3.466 44.280
1536 139.0 3.466 44.280
1548 139.0 3.466 44.280
1560 139.0 3.466 44.280
1572 139.0 3.466 44.280
1584 139.0 3.466 44.280
1596 139.0 3.541 44.272
1608 139.0 3.538 44.331
1620 139.0 3.548 44.270
1632 139.0 3.551 44.285
1644 139.0 3.572 44.294
1656 139.0 3.591 44.271
1668 139.0 3.523 44.292
1680 139.0 3.430 44.237
1692 139.0 3.441 44.216
1704 139.0 3.409 44.219
1716 139.0 3.363 44.276
1728 139.0 3.393 44.316
1668 130.0 -25.811 15.915
1680 130.0 -25.588 14.872
1692 130.0 -25.178 14.257
1704 130.0 -24.842 13.791
1716 130.0 -24.432 13.325
1728 130.0 -24.022 12.729
1740 130.0 -23.612 12.263
1752 130.0 -23.277 11.797
1764 130.0 -22.769 11.935
1776 130.0 -22.620 11.277
1788 130.0 -22.278 11.602
1800 130.0 -21.623 11.172
1812 130.0 -21.099 11.902
1824 130.0 -20.659 11.229
1836 130.0 -19.665 10.270
1848 130.0 -19.598 10.965
1860 130.0 -19.503 12.179
1872 130.0 -19.867 10.989
1884 130.0 -20.258 11.930
1896 130.0 -23.184 12.882
1680 52.0 -18.245 1.994
1692 52.0 -18.655 2.292
1704 52.0 -19.028 2.777
1716 52.0 -19.438 3.075
1728 52.0 -19.773 3.522
1740 52.0 -20.183 3.820
1752 52.0 -20.593 4.305
1764 52.0 -20.929 4.603
1776 52.0 -20.487 4.074
1788 52.0 -20.712 4.123
1800 52.0 -21.340 4.473
1812 52.0 -20.732 4.307
1824 52.0 -22.223 4.609
1836 52.0 -22.000 4.244
1848 52.0 -22.095 4.367
1860 52.0 -23.449 5.253
1872 52.0 -24.519 5.521
1884 52.0 -25.012 5.903
1896 52.0 -27.025 6.790
1908 52.0 -23.614 5.273
1704 68.0 -6.597 -5.516
1716 68.0 -6.597 -5.516
1728 68.0 -6.635 -5.516
1740 68.0 -6.672 -5.516
1752 68.0 -6.709 -5.516
1764 68.0 -6.709 -5.516
1776 68.0 -6.746 -5.516
1788 68.0 -6.765 -5.516
1800 68.0 -6.678 -5.515
1812 68.0 -6.748 -5.488
1824 68.0 -6.748 -5.535
1836 68.0 -6.756 -5.584
1848 68.0 -6.752 -5.551
1860 68.0 -6.722 -5.470
1872 68.0 -6.667 -5.558
1884 68.0 -6.731 -5.565
1896 68.0 -6.730 -5.562
1908 68.0 -6.737 -5.569
1920 68.0 -6.752 -5.580
1932 68.0 -6.712 -5.550
1704 150.0 4.417 44.504
1716 150.0 4.417 44.597
1728 150.0 4.454 44.597
1740 150.0 4.454 44.429
1752 150.0 4.454 44.131
1764 150.0 4.454 43.982
1776 150.0 4.454 43.814
1788 150.0 4.529 43.516
1800 150.0 4.496 43.755
1812 150.0 4.463 43.885
1824 150.0 4.337 43.905
1836 150.0 4.447 44.050
1848 150.0 4.290 43.527
1860 150.0 4.314 43.625
1872 150.0 4.271 43.357
1884 150.0 4.351 43.434
1896 150.0 4.312 42.701
1908 150.0 4.358 42.547
1920 150.0 4.275 42.092
1932 150.0 4.371 41.869
1716 104.0 1.696 -5.293
1728 104.0 1.696 -5.144
1740 104.0 1.696 -5.144
1752 104.0 1.696 -5.050
1764 104.0 1.696 -5.050
1776 104.0 1.696 -4.957
1788 104.0 1.696 -4.883
1800 104.0 1.696 -4.883
1812 104.0 1.614 -4.982
1824 104.0 1.621 -4.879
1836 104.0 1.667 -4.669
1848 104.0 1.735 -4.795
1860 104.0 1.821 -4.767
1872 104.0 1.899 -4.518
1884 104.0 1.949 -4.625
1896 104.0 2.065 -4.809
1908 104.0 2.106 -4.964
1920 104.0 2.258 -4.826
1932 104.0 2.200 -5.028
1944 104.0 2.293 -4.860
1740 140.0 3.466 44.280
1752 140.0 3.466 44.280
1764 140.0 3.466 44.280
1776 140.0 3.466 44.280
1788 140.0 3.466 44.280
1800 140.0 3.466 44.280
1812 140.0 3.466 44.280
1824 140.0 3.466 44.280
1836 140.0 3.468 44.242
1848 140.0 3.498 44.240
1860 140.0 3.542 44.295
1872 140.0 3.480 44.321
1884 140.0 3.417 44.230
1896 140.0 3.435 44.276
1908 140.0 3.440 44.305
1920 140.0 3.408 44.303
1932 140.0 3.408 44.312
1944 140.0 3.395 44.273
1956 140.0 3.422 44.272
1968 140.0 3.476 44.280
1908 131.0 -20.798 3.839
1920 131.0 -20.724 3.075
1932 131.0 -20.593 2.460
1944 131.0 -20.519 1.845
1956 131.0 -20.370 1.230
1968 131.0 -20.370 0.615
1980 131.0 -20.314 -0.149
1992 131.0 -20.314 -0.764
2004 131.0 -20.541 0.004
2016 131.0 -20.460 -1.600
2028 131.0 -20.608 -1.070
2040 131.0 -20.812 -1.410
2052 131.0 -20.727 -2.837
2064 131.0 -20.502 -2.087
2076 131.0 -20.654 -3.517
2088 131.0 -20.700 -4.686
2100 131.0 -20.675 -4.778
2112 131.0 -20.881 -3.652
2124 131.0 -21.016 -3.101
2136 131.0 -20.884 -8.931
1944 151.0 4.585 42.752
1956 151.0 4.585 42.752
1968 151.0 4.585 42.752
1980 151.0 4.585 42.752
1992 151.0 4.585 42.752
2004 151.0 4.529 42.752
2016 151.0 4.454 43.050
2028 151.0 4.380 43.292
2040 151.0 4.513 43.149
2052 151.0 4.506 43.235
2064 151.0 4.488 43.221
2076 151.0 4.656 43.109
2088 151.0 4.662 43.287
2100 151.0 4.712 43.025
2112 151.0 4.810 43.113
2124 151.0 4.864 43.192
2136 151.0 4.902 43.124
2148 151.0 4.949 43.236
2160 151.0 4.913 43.350
2172 151.0 4.998 43.318
1956 105.0 1.659 -4.212
1968 105.0 1.659 -4.212
1980 105.0 1.659 -4.137
1992 105.0 1.659 -4.137
2004 105.0 1.603 -3.988
2016 105.0 1.603 -3.820
2028 105.0 1.528 -3.522
2040 105.0 1.472 -3.355
2052 105.0 1.536 -3.505
2064 105.0 1.551 -3.455
2076 105.0 1.506 -3.260
2088 105.0 1.412 -3.288
2100 105.0 1.528 -3.472
2112 105.0 1.467 -3.362
2124 105.0 1.503 -3.339
2136 105.0 1.412 -3.043
2148 105.0 1.463 -2.757
2160 105.0 1.275 -2.847
2172 105.0 1.235 -2.742
2184 105.0 1.237 -2.529
1980 141.0 3.466 44.280
1992 141.0 3.466 44.280
2004 141.0 3.429 44.280
2016 141.0 3.429 44.280
2028 141.0 3.429 44.280
2040 141.0 3.429 44.280
2052 141.0 3.429 44.280
2064 141.0 3.429 44.280
2076 141.0 3.428 44.272
2088 141.0 3.447 44.362
2100 141.0 3.458 44.348
2112 141.0 3.505 44.320
2124 141.0 3.534 44.334
2136 141.0 3.507 44.218
2148 141.0 3.515 44.197
2160 141.0 3.526 44.246
2172 141.0 3.590 44.186
2184 141.0 3.575 44.308
2196 141.0 3.614 44.259
2208 141.0 3.513 44.230
2052 21.0 -18.264 -13.250
2064 21.0 -18.394 -12.635
2076 21.0 -18.450 -12.020
2088 21.0 -18.525 -11.405
2100 21.0 -18.599 -10.790
2112 21.0 -18.674 -10.194
2124 21.0 -18.748 -9.560
2136 21.0 -18.804 -8.964
2148 21.0 -18.596 -9.380
2160 21.0 -18.648 -9.063
2172 21.0 -18.719 -9.447
2184 21.0 -18.907 -8.904
2196 21.0 -18.603 -7.663
2208 21.0 -18.845 -8.388
2220 21.0 -18.399 -6.741
2232 21.0 -18.621 -6.509
2244 21.0 -18.622 -6.299
2256 21.0 -18.478 -6.992
2268 21.0 -18.253 -6.708
2280 21.0 -18.934 -5.654
2148 132.0 -19.866 -8.722
2160 132.0 -19.829 -9.411
2172 132.0 -19.792 -10.026
2184 132.0 -19.755 -10.641
2196 132.0 -19.717 -11.256
2208 132.0 -19.699 -11.871
2220 132.0 -19.680 -12.486
2232 132.0 -19.680 -13.101
2244 132.0 -19.941 -13.502
2256 132.0 -19.808 -13.650
2268 132.0 -20.098 -15.096
2280 132.0 -20.003 -16.580
2292 132.0 -19.578 -17.006
2304 132.0 -20.097 -17.632
2316 132.0 -19.807 -16.009
2328 132.0 -19.726 -17.124
2340 132.0 -19.800 -15.849
2352 132.0 -20.188 -16.394
2364 132.0 -20.205 -17.885
2376 132.0 -20.208 -18.346
2160 137.0 2.367 15.021
2172 137.0 1.659 14.723
2184 137.0 0.988 14.723
2196 137.0 0.298 14.723
2208 137.0 -0.391 14.723
2220 137.0 -1.006 14.723
2232 137.0 -1.696 14.723
2244 137.0 -2.367 14.723
2256 137.0 -0.869 14.605
2268 137.0 -0.868 15.231
2280 137.0 -0.558 15.455
2292 137.0 -1.058 15.258
2304 137.0 -1.318 15.653
2316 137.0 -1.773 15.767
2328 137.0 -2.146 16.045
2340 137.0 -2.530 16.612
2352 137.0 -3.025 16.758
2364 137.0 -1.937 15.688
2376 137.0 -3.377 17.102
2388 137.0 -3.126 16.568
2184 152.0 3.858 45.342
2196 152.0 3.858 45.342
2208 152.0 3.783 45.510
2220 152.0 3.783 45.510
2232 152.0 3.783 45.510
2244 152.0 3.783 45.510
2256 152.0 3.727 45.659
2268 152.0 3.727 45.659
2280 152.0 3.641 45.767
2292 152.0 3.689 45.842
2304 152.0 3.837 45.763
2316 152.0 3.999 45.826
2328 152.0 3.948 45.857
2340 152.0 3.975 45.841
2352 152.0 3.994 45.690
2364 152.0 3.990 45.752
2376 152.0 3.955 45.571
2388 152.0 3.909 45.604
2400 152.0 3.914 45.453
2412 152.0 3.893 45.498
2196 106.0 -1.006 -3.746
2208 106.0 -1.211 -4.063
2220 106.0 -1.416 -4.212
2232 106.0 -1.547 -4.361
2244 106.0 -1.770 -4.659
2256 106.0 -1.957 -4.808
2268 106.0 -2.180 -5.125
2280 106.0 -2.236 -5.442
2292 106.0 -1.963 -5.926
2304 106.0 -1.937 -6.343
2316 106.0 -1.581 -6.540
2328 106.0 -1.147 -7.040
2340 106.0 -1.390 -7.035
2352 106.0 -1.589 -8.345
2364 106.0 -1.289 -8.804
2376 106.0 -1.525 -9.683
2388 106.0 -1.080 -10.196
2400 106.0 -1.426 -12.317
2412 106.0 -1.437 -10.817
2424 106.0 -0.978 -13.351
2220 142.0 3.429 44.280
2232 142.0 3.429 44.280
2244 142.0 3.429 44.280
2256 142.0 3.448 44.280
2268 142.0 3.448 44.280
2280 142.0 3.448 44.280
2292 142.0 3.448 44.280
2304 142.0 3.448 44.280
2316 142.0 3.428 44.200
2328 142.0 3.466 44.184
2340 142.0 3.479 44.110
2352 142.0 3.517 44.105
2364 142.0 3.561 44.098
2376 142.0 3.608 44.150
2388 142.0 3.692 44.153
2400 142.0 3.751 44.144
2412 142.0 3.837 44.114
2424 142.0 4.127 44.090
2436 142.0 4.027 44.119
2448 142.0 3.889 44.115
2388 133.0 -19.540 -13.335
2400 133.0 -19.534 -13.316
2412 133.0 -19.529 -13.297
2424 133.0 -19.523 -13.278
2436 133.0 -19.517 -13.259
2448 133.0 -19.511 -13.240
2460 133.0 -19.505 -13.222
2472 133.0 -19.500 -13.203
2484 133.0 -19.424 -13.105
2496 133.0 -19.408 -13.149
2508 133.0 -19.459 -13.143
2520 133.0 -19.534 -13.232
2532 133.0 -19.554 -13.250
2544 133.0 -19.536 -13.186
2556 133.0 -19.489 -13.146
2568 133.0 -19.414 -13.198
2580 133.0 -19.486 -13.331
2592 133.0 -19.475 -13.278
2604 133.0 -19.462 -13.341
2616 133.0 -19.530 -13.300
2400 138.0 -10.940 14.872
2412 138.0 -11.648 14.872
2424 138.0 -12.319 14.872
2436 138.0 -12.952 15.021
2448 138.0 -13.623 15.021
2460 138.0 -14.257 15.021
2472 138.0 -14.928 15.021
2484 138.0 -15.617 15.021
2496 138.0 -15.337 15.548
2508 138.0 -14.618 15.751
2520 138.0 -15.159 15.827
2532 138.0 -16.467 16.142
2544 138.0 -15.975 16.054
2556 138.0 -17.023 17.045
2568 138.0 -16.506 16.507
2580 138.0 -15.447 15.690
2592 138.0 -17.388 17.512
2604 138.0 -17.224 17.274
2616 138.0 -17.614 18.376
2628 138.0 -19.140 19.129
2424 153.0 3.727 45.827
2436 153.0 3.727 45.827
2448 153.0 3.727 45.827
2460 153.0 3.727 45.827
2472 153.0 3.727 45.827
2484 153.0 3.727 45.827
2496 153.0 3.727 45.827
2508 153.0 3.690 45.659
2520 153.0 3.804 45.734
2532 153.0 3.787 45.746
2544 153.0 3.765 45.873
2556 153.0 3.672 45.808
2568 153.0 3.694 45.890
2580 153.0 3.655 45.870
2592 153.0 3.710 45.874
2604 153.0 3.709 45.877
2616 153.0 3.686 45.856
2628 153.0 3.695 45.833
2640 153.0 3.680 45.883
2652 153.0 3.691 45.814
2436 107.0 -3.541 -10.641
2448 107.0 -3.671 -10.958
2460 107.0 -3.820 -11.405
2472 107.0 -3.951 -11.704
2484 107.0 -4.081 -12.188
2496 107.0 -4.230 -12.635
2508 107.0 -4.342 -12.934
2520 107.0 -4.435 -13.325
2532 107.0 -4.058 -14.419
2544 107.0 -4.142 -14.764
2556 107.0 -4.229 -14.774
2568 107.0 -4.010 -15.333
2580 107.0 -4.043 -16.297
2592 107.0 -3.961 -16.105
2604 107.0 -4.019 -17.468
2616 107.0 -3.997 -17.200
2628 107.0 -3.723 -17.983
2640 107.0 -3.465 -17.795
2652 107.0 -3.654 -20.587
2664 107.0 -4.204 -17.371
2460 143.0 3.448 44.280
2472 143.0 3.448 44.280
2484 143.0 3.448 44.280
2496 143.0 3.448 44.280
2508 143.0 3.448 44.206
2520 143.0 3.448 44.206
2532 143.0 3.448 44.206
2544 143.0 3.448 44.206
2556 143.0 3.481 44.162
2568 143.0 3.562 44.202
2580 143.0 3.620 44.155
2592 143.0 3.644 44.118
2604 143.0 3.476 44.229
2616 143.0 3.439 44.254
2628 143.0 3.495 44.180
2640 143.0 3.489 44.150
2652 143.0 3.461 44.178
2664 143.0 3.433 44.176
2676 143.0 3.465 44.226
2688 143.0 3.451 44.238
2496 155.0 -7.715 -5.423
2508 155.0 -7.715 -5.423
2520 155.0 -7.715 -5.423
2532 155.0 -7.715 -5.423
2544 155.0 -7.715 -5.423
2556 155.0 -7.715 -5.423
2568 155.0 -7.715 -5.423
2580 155.0 -7.715 -5.423
2592 155.0 -7.756 -5.445
2604 155.0 -7.701 -5.373
2616 155.0 -7.736 -5.359
2628 155.0 -7.750 -5.376
2640 155.0 -7.732 -5.499
2652 155.0 -7.703 -5.499
2664 155.0 -7.727 -5.442
2676 155.0 -7.746 -5.498
2688 155.0 -7.790 -5.455
2700 155.0 -7.753 -5.411
2712 155.0 -7.793 -5.344
2724 155.0 -7.808 -5.352
2628 134.0 -19.424 -12.956
2640 134.0 -19.418 -12.937
2652 134.0 -19.412 -12.918
2664 134.0 -19.407 -12.899
2676 134.0 -19.401 -12.880
2688 134.0 -19.395 -12.861
2700 134.0 -19.389 -12.842
2712 134.0 -19.383 -12.823
2724 134.0 -19.413 -12.768
2736 134.0 -19.403 -12.812
2748 134.0 -19.325 -12.809
2760 134.0 -19.205 -12.845
2772 134.0 -19.175 -12.866
2784 134.0 -19.248 -12.966
2796 134.0 -19.176 -12.985
2808 134.0 -19.207 -12.914
2820 134.0 -19.341 -12.880
2832 134.0 -19.294 -12.919
2844 134.0 -19.305 -12.968
2856 134.0 -19.224 -13.002
2664 154.0 3.653 45.659
2676 154.0 3.653 45.659
2688 154.0 3.615 45.659
2700 154.0 3.615 45.659
2712 154.0 3.615 45.659
2724 154.0 3.615 45.659
2736 154.0 3.615 45.659
2748 154.0 3.615 45.659
2760 154.0 3.570 45.687
2772 154.0 3.660 45.658
2784 154.0 3.623 45.613
2796 154.0 3.617 45.645
2808 154.0 3.599 45.645
2820 154.0 3.604 45.625
2832 154.0 3.581 45.644
2844 154.0 3.674 45.627
2856 154.0 3.649 45.612
2868 154.0 3.639 45.716
2880 154.0 3.651 45.701
2892 154.0 3.659 45.705
2676 108.0 -4.845 -13.400
2688 108.0 -4.845 -13.101
2700 108.0 -4.845 -12.952
2712 108.0 -4.845 -12.635
2724 108.0 -4.920 -12.468
2736 108.0 -4.920 -12.020
2748 108.0 -4.995 -11.573
2760 108.0 -4.995 -11.089
2772 108.0 -5.072 -11.229
2784 108.0 -4.939 -10.656
2796 108.0 -4.970 -10.462
2808 108.0 -5.014 -10.152
2820 108.0 -4.994 -10.293
2832 108.0 -4.991 -9.234
2844 108.0 -5.235 -8.814
2856 108.0 -4.923 -8.624
2868 108.0 -4.667 -7.240
2880 108.0 -5.053 -7.314
2892 108.0 -5.187 -8.056
2904 108.0 -5.316 -7.446
2700 144.0 3.485 44.131
2712 144.0 3.485 44.131
2724 144.0 3.485 44.131
2736 144.0 3.485 44.131
2748 144.0 3.485 44.131
2760 144.0 3.485 44.131
2772 144.0 3.485 44.038
2784 144.0 3.485 44.038
2796 144.0 3.508 44.023
2808 144.0 3.518 44.104
2820 144.0 3.487 44.159
2832 144.0 3.508 44.077
2844 144.0 3.492 44.058
2856 144.0 3.493 44.058
2868 144.0 3.527 44.022
2880 144.0 3.548 43.988
2892 144.0 3.490 44.045
2904 144.0 3.468 44.045
2916 144.0 3.489 44.057
2928 144.0 3.464 44.052
2736 156.0 -7.715 -5.423
2748 156.0 -7.715 -5.423
2760 156.0 -7.715 -5.423
2772 156.0 -7.715 -5.423
2784 156.0 -7.715 -5.423
2796 156.0 -7.715 -5.423
2808 156.0 -7.715 -5.423
2820 156.0 -7.715 -5.423
2832 156.0 -7.654 -5.466
2844 156.0 -7.681 -5.466
2856 156.0 -7.692 -5.378
2868 156.0 -7.742 -5.319
2880 156.0 -7.720 -5.312
2892 156.0 -7.765 -5.430
2904 156.0 -7.718 -5.447
2916 156.0 -7.731 -5.461
2928 156.0 -7.779 -5.434
2940 156.0 -7.805 -5.411
2952 156.0 -7.725 -5.439
2964 156.0 -7.717 -5.486
2844 58.0 1.062 15.245
2856 58.0 0.578 15.245
2868 58.0 0.093 15.245
2880 58.0 -0.391 15.095
2892 58.0 -0.876 15.095
2904 58.0 -1.286 14.946
2916 58.0 -1.770 14.946
2928 58.0 -2.236 14.946
2940 58.0 -1.477 15.355
2952 58.0 -1.732 15.520
2964 58.0 -2.682 16.106
2976 58.0 -3.286 15.391
2988 58.0 -2.383 15.633
3000 58.0 -3.267 15.699
3012 58.0 -3.894 16.143
3024 58.0 -3.885 15.739
3036 58.0 -4.842 16.456
3048 58.0 -5.062 16.747
3060 58.0 -5.954 17.827
3072 58.0 -4.878 16.403
2844 136.0 -18.357 -13.623
2856 136.0 -18.357 -13.027
2868 136.0 -18.394 -12.393
2880 136.0 -18.469 -11.797
2892 136.0 -18.506 -11.163
2904 136.0 -18.543 -10.567
2916 136.0 -18.580 -9.970
2928 136.0 -18.599 -9.411
2940 136.0 -18.541 -9.672
2952 136.0 -18.620 -9.577
2964 136.0 -18.644 -9.529
2976 136.0 -18.398 -8.060
2988 136.0 -18.620 -8.347
3000 136.0 -18.870 -7.057
3012 136.0 -18.475 -6.429
3024 136.0 -18.810 -7.175
3036 136.0 -18.691 -4.678
3048 136.0 -18.405 -4.948
3060 136.0 -18.632 -6.209
3072 136.0 -18.835 -2.629
2868 135.0 -19.587 -11.014
2880 135.0 -19.661 -10.492
2892 135.0 -19.699 -9.877
2904 135.0 -19.792 -9.337
2916 135.0 -19.866 -8.815
2928 135.0 -19.941 -8.256
2940 135.0 -20.053 -7.734
2952 135.0 -20.090 -7.194
2964 135.0 -20.120 -7.901
2976 135.0 -20.183 -7.568
2988 135.0 -20.073 -7.395
3000 135.0 -20.471 -6.494
3012 135.0 -20.115 -6.107
3024 135.0 -20.054 -6.227
3036 135.0 -20.281 -4.921
3048 135.0 -19.931 -3.809
3060 135.0 -19.775 -5.512
3072 135.0 -19.904 -3.864
3084 135.0 -19.861 -4.078
3096 135.0 -20.212 -1.918
2916 109.0 -5.982 -5.647
2928 109.0 -6.094 -5.274
2940 109.0 -6.187 -4.901
2952 109.0 -6.243 -4.454
2964 109.0 -6.430 -4.119
2976 109.0 -6.765 -3.671
2988 109.0 -7.100 -3.224
3000 109.0 -7.380 -2.740
3012 109.0 -7.367 -3.760
3024 109.0 -7.176 -3.808
3036 109.0 -7.171 -3.450
3048 109.0 -7.760 -3.325
3060 109.0 -7.613 -3.463
3072 109.0 -8.723 -2.577
3084 109.0 -8.483 -2.968
3096 109.0 -9.055 -2.641
3108 109.0 -10.151 -1.968
3120 109.0 -11.187 -1.665
3132 109.0 -11.841 -1.416
3144 109.0 -11.286 -1.686
3084 59.0 -10.101 14.630
3096 59.0 -10.641 14.630
3108 59.0 -11.182 14.630
3120 59.0 -11.741 14.630
3132 59.0 -12.300 14.630
3144 59.0 -12.840 14.630
3156 59.0 -13.381 14.630
3168 59.0 -13.940 14.630
3180 59.0 -13.111 14.446
3192 59.0 -13.639 14.903
3204 59.0 -13.253 14.967
3216 59.0 -13.328 14.458
3228 59.0 -13.202 14.934
3240 59.0 -13.525 14.720
3252 59.0 -13.688 14.992
3264 59.0 -14.499 14.843
3276 59.0 -14.939 15.753
3288 59.0 -13.766 14.283
3300 59.0 -16.394 15.423
3312 59.0 -14.243 14.372
3084 119.0 3.522 13.474
3096 119.0 3.112 13.027
3108 119.0 2.628 12.580
3120 119.0 2.218 12.095
3132 119.0 1.733 11.797
3144 119.0 1.267 11.350
3156 119.0 0.988 10.716
3168 119.0 0.783 10.269
3180 119.0 2.082 10.456
3192 119.0 2.184 9.962
3204 119.0 2.457 10.235
3216 119.0 2.257 9.090
3228 119.0 3.013 9.770
3240 119.0 2.935 8.703
3252 119.0 2.937 8.489
3264 119.0 3.120 7.656
3276 119.0 2.840 7.951
3288 119.0 3.074 7.481
3300 119.0 2.960 6.584
3312 119.0 2.706 5.319
3156 110.0 -11.871 1.472
3168 110.0 -12.225 1.770
3180 110.0 -12.635 2.069
3192 110.0 -13.045 2.218
3204 110.0 -13.455 2.535
3216 110.0 -13.865 2.702
3228 110.0 -14.275 3.000
3240 110.0 -14.685 3.299
3252 110.0 -14.675 3.449
3264 110.0 -14.723 3.512
3276 110.0 -15.257 3.470
3288 110.0 -15.549 3.915
3300 110.0 -15.729 4.293
3312 110.0 -15.890 4.687
3324 110.0 -17.574 5.202
3336 110.0 -18.000 5.289
3348 110.0 -17.113 4.829
3360 110.0 -17.977 5.431
3372 110.0 -18.834 6.151
3384 110.0 -17.979 5.543
3168 123.0 -3.839 -14.480
3180 123.0 -3.727 -14.015
3192 123.0 -3.653 -13.716
3204 123.0 -3.578 -13.400
3216 123.0 -3.429 -12.934
3228 123.0 -3.373 -12.635
3240 123.0 -3.243 -12.337
3252 123.0 -3.168 -12.020
3264 123.0 -3.190 -12.066
3276 123.0 -3.268 -12.234
3288 123.0 -2.995 -11.840
3300 123.0 -2.764 -11.205
3312 123.0 -2.657 -10.459
3324 123.0 -2.751 -10.560
3336 123.0 -2.568 -10.233
3348 123.0 -2.573 -9.505
3360 123.0 -2.739 -10.137
3372 123.0 -2.625 -9.283
3384 123.0 -2.842 -9.305
3396 123.0 -2.290 -9.478
3264 126.0 -16.586 -14.257
3276 126.0 -17.145 -13.921
3288 126.0 -17.369 -13.325
3300 126.0 -17.630 -12.878
3312 126.0 -17.854 -12.244
3324 126.0 -18.040 -11.648
3336 126.0 -18.264 -11.014
3348 126.0 -18.394 -10.567
3360 126.0 -18.555 -10.700
3372 126.0 -19.095 -10.490
3384 126.0 -18.446 -10.893
3396 126.0 -18.586 -9.956
3408 126.0 -18.528 -10.025
3420 126.0 -18.626 -9.878
3432 126.0 -18.508 -9.641
3444 126.0 -18.751 -9.049
3456 126.0 -19.040 -8.834
3468 126.0 -20.154 -8.204
3480 126.0 -18.920 -8.731
3492 126.0 -19.641 -9.342
3324 60.0 -21.208 14.630
3336 60.0 -21.767 14.630
3348 60.0 -22.308 14.630
3360 60.0 -22.848 14.630
3372 60.0 -23.538 14.630
3384 60.0 -24.227 14.630
3396 60.0 -24.898 14.779
3408 60.0 -25.662 14.779
3420 60.0 -24.308 14.993
3432 60.0 -24.607 14.695
3444 60.0 -26.064 15.796
3456 60.0 -26.103 15.438
3468 60.0 -26.881 15.173
3480 60.0 -26.476 15.698
3492 60.0 -27.340 15.095
3504 60.0 -26.555 14.417
3516 60.0 -27.714 16.815
3528 60.0 -27.717 16.025
3540 60.0 -30.269 18.613
3552 60.0 -29.750 18.644
3324 120.0 -1.975 3.522
3336 120.0 -2.236 3.075
3348 120.0 -2.590 2.777
3360 120.0 -2.926 2.292
3372 120.0 -3.280 1.845
3384 120.0 -3.820 1.547
3396 120.0 -4.305 1.155
3408 120.0 -4.845 0.764
3420 120.0 -3.650 0.583
3432 120.0 -3.423 0.632
3444 120.0 -3.189 -0.437
3456 120.0 -2.933 -1.439
3468 120.0 -3.120 -2.625
3480 120.0 -2.914 -2.659
3492 120.0 -2.641 -3.464
3504 120.0 -2.924 -4.321
3516 120.0 -3.381 -0.837
3528 120.0 -2.255 -1.186
3540 120.0 -3.461 -7.290
3552 120.0 -3.025 -0.139
3396 111.0 -20.388 5.908
3408 111.0 -20.798 6.057
3420 111.0 -21.134 6.355
3432 111.0 -21.544 6.653
3444 111.0 -21.898 6.989
3456 111.0 -22.308 7.138
3468 111.0 -22.718 7.436
3480 111.0 -23.128 7.734
3492 111.0 -23.415 7.885
3504 111.0 -23.143 7.764
3516 111.0 -24.191 8.059
3528 111.0 -23.579 7.783
3540 111.0 -25.488 8.525
3552 111.0 -25.009 8.270
3564 111.0 -25.727 8.875
3576 111.0 -25.847 9.326
3588 111.0 -26.235 9.748
3600 111.0 -26.134 9.303
3612 111.0 -26.880 10.037
3624 111.0 -27.104 10.247
3408 124.0 -1.528 -4.361
3420 124.0 -1.379 -3.746
3432 124.0 -1.305 -3.131
3444 124.0 -1.174 -2.516
3456 124.0 -1.044 -1.901
3468 124.0 -0.969 -1.137
3480 124.0 -0.839 -0.522
3492 124.0 -0.764 0.242
3504 124.0 -0.430 0.850
3516 124.0 -0.367 0.963
3528 124.0 -0.128 1.635
3540 124.0 -0.060 2.876
3552 124.0 -0.381 1.189
3564 124.0 -0.224 1.619
3576 124.0 -0.402 1.186
3588 124.0 -0.662 1.730
3600 124.0 -0.057 3.560
3612 124.0 -0.868 -0.267
3624 124.0 -0.725 -2.587
3636 124.0 -1.307 -1.102
3504 78.0 3.560 45.212
3516 78.0 3.560 45.212
3528 78.0 3.560 45.212
3540 78.0 3.560 45.212
3552 78.0 3.560 45.212
3564 78.0 3.560 45.212
3576 78.0 3.560 45.212
3588 78.0 3.560 45.212
3600 78.0 3.576 45.270
3612 78.0 3.531 45.261
3624 78.0 3.558 45.221
3636 78.0 3.520 45.231
3648 78.0 3.515 45.185
3660 78.0 3.527 45.213
3672 78.0 3.501 45.213
3684 78.0 3.507 45.202
3696 78.0 3.561 45.121
3708 78.0 3.587 45.188
3720 78.0 3.577 45.149
3732 78.0 3.613 45.099
3504 117.0 -7.548 -5.125
3516 117.0 -7.548 -5.125
3528 117.0 -7.548 -5.125
3540 117.0 -7.548 -5.125
3552 117.0 -7.548 -5.125
3564 117.0 -7.548 -5.125
3576 117.0 -7.548 -5.125
3588 117.0 -7.548 -5.125
3600 117.0 -7.492 -5.093
3612 117.0 -7.510 -5.080
3624 117.0 -7.482 -5.055
3636 117.0 -7.441 -5.051
3648 117.0 -7.444 -5.005
3660 117.0 -7.460 -5.119
3672 117.0 -7.477 -5.174
3684 117.0 -7.455 -5.176
3696 117.0 -7.477 -5.132
3708 117.0 -7.439 -5.161
3720 117.0 -7.479 -5.116
3732 117.0 -7.482 -5.070
3504 127.0 -20.519 -3.224
3516 127.0 -20.649 -2.665
3528 127.0 -20.761 -2.069
3540 127.0 -20.891 -1.603
3552 127.0 -21.040 -0.988
3564 127.0 -21.171 -0.447
3576 127.0 -21.283 0.168
3588 127.0 -21.413 0.690
3600 127.0 -21.520 0.963
3612 127.0 -20.825 0.333
3624 127.0 -21.106 1.167
3636 127.0 -20.947 2.657
3648 127.0 -21.093 1.720
3660 127.0 -20.798 2.332
3672 127.0 -21.150 2.922
3684 127.0 -21.000 2.424
3696 127.0 -20.829 2.651
3708 127.0 -21.098 4.472
3720 127.0 -21.081 4.304
3732 127.0 -21.337 2.216
3564 61.0 -25.878 14.492
3576 61.0 -25.862 14.469
3588 61.0 -25.846 14.445
3600 61.0 -25.830 14.422
3612 61.0 -25.815 14.399
3624 61.0 -25.799 14.376
3636 61.0 -25.783 14.353
3648 61.0 -25.768 14.330
3660 61.0 -25.767 14.336
3672 61.0 -25.762 14.486
3684 61.0 -25.648 14.462
3696 61.0 -25.603 14.571
3708 61.0 -25.724 14.588
3720 61.0 -25.701 14.671
3732 61.0 -25.680 14.633
3744 61.0 -25.754 14.624
3756 61.0 -25.739 14.615
3768 61.0 -25.683 14.614
3780 61.0 -25.640 14.580
3792 61.0 -25.640 14.569
3564 121.0 -11.200 -3.373
3576 121.0 -11.629 -3.671
3588 121.0 -12.114 -3.970
3600 121.0 -12.561 -4.286
3612 121.0 -12.840 -4.752
3624 121.0 -13.120 -5.349
3636 121.0 -13.381 -5.982
3648 121.0 -13.716 -6.430
3660 121.0 -12.341 -5.910
3672 121.0 -12.632 -6.025
3684 121.0 -12.040 -6.141
3696 121.0 -12.529 -7.042
3708 121.0 -12.044 -7.735
3720 121.0 -12.231 -8.588
3732 121.0 -11.644 -8.302
3744 121.0 -11.614 -10.738
3756 121.0 -11.348 -9.942
3768 121.0 -11.487 -8.446
3780 121.0 -11.548 -10.283
3792 121.0 -11.449 -9.518
3600 10.0 -17.593 -12.785
3612 10.0 -17.742 -12.188
3624 10.0 -17.947 -11.704
3636 10.0 -18.077 -11.256
3648 10.0 -18.226 -10.641
3660 10.0 -18.357 -10.175
3672 10.0 -18.562 -9.728
3684 10.0 -18.711 -9.113
3696 10.0 -18.593 -9.239
3708 10.0 -18.476 -8.419
3720 10.0 -18.799 -8.105
3732 10.0 -18.641 -8.297
3744 10.0 -19.061 -8.102
3756 10.0 -18.875 -7.929
3768 10.0 -18.572 -8.277
3780 10.0 -19.259 -6.728
3792 10.0 -18.799 -6.611
3804 10.0 -18.868 -5.732
3816 10.0 -19.719 -3.868
3828 10.0 -18.387 -5.905
3636 112.0 -25.426 9.832
3648 112.0 -25.427 9.858
3660 112.0 -25.428 9.884
3672 112.0 -25.429 9.910
3684 112.0 -25.430 9.937
3696 112.0 -25.431 9.963
3708 112.0 -25.432 9.989
3720 112.0 -25.433 10.015
3732 112.0 -25.345 10.031
3744 112.0 -25.398 10.029
3756 112.0 -25.332 10.045
3768 112.0 -25.314 9.996
3780 112.0 -25.218 10.068
3792 112.0 -25.161 10.081
3804 112.0 -25.276 10.137
3816 112.0 -25.160 10.143
3828 112.0 -25.079 10.223
3840 112.0 -25.054 10.369
3852 112.0 -25.005 10.151
3864 112.0 -24.971 10.225
3648 125.0 0.988 7.045
3660 125.0 1.118 7.827
3672 125.0 1.323 8.424
3684 125.0 1.528 9.057
3696 125.0 1.733 9.654
3708 125.0 1.938 10.101
3720 125.0 2.069 10.735
3732 125.0 2.292 11.331
3744 125.0 2.330 11.759
3756 125.0 1.972 11.544
3768 125.0 2.084 13.405
3780 125.0 2.149 14.368
3792 125.0 1.731 11.840
3804 125.0 1.860 14.193
3816 125.0 1.802 14.349
3828 125.0 2.166 18.495
3840 125.0 1.349 13.346
3852 125.0 1.296 11.586
3864 125.0 1.252 10.389
3876 125.0 2.359 16.708
3744 79.0 3.560 45.212
3756 79.0 3.560 45.212
3768 79.0 3.560 45.212
3780 79.0 3.560 45.212
3792 79.0 3.560 45.212
3804 79.0 3.560 45.212
3816 79.0 3.560 45.212
3828 79.0 3.560 45.212
3840 79.0 3.519 45.191
3852 79.0 3.581 45.115
3864 79.0 3.568 45.135
3876 79.0 3.562 45.112
3888 79.0 3.524 45.147
3900 79.0 3.546 45.148
3912 79.0 3.531 45.123
3924 79.0 3.484 45.118
3936 79.0 3.463 45.180
3948 79.0 3.466 45.118
3960 79.0 3.521 45.122
3972 79.0 3.508 45.165
3744 118.0 -7.548 -5.125
3756 118.0 -7.548 -5.125
3768 118.0 -7.548 -5.125
3780 118.0 -7.548 -5.125
3792 118.0 -7.548 -5.125
3804 118.0 -7.548 -5.125
3816 118.0 -7.548 -5.125
3828 118.0 -7.548 -5.125
3840 118.0 -7.569 -5.118
3852 118.0 -7.581 -5.121
3864 118.0 -7.571 -5.056
3876 118.0 -7.552 -5.076
3888 118.0 -7.514 -5.108
3900 118.0 -7.491 -5.142
3912 118.0 -7.544 -5.088
3924 118.0 -7.613 -5.138
3936 118.0 -7.578 -5.091
3948 118.0 -7.571 -5.059
3960 118.0 -7.548 -5.064
3972 118.0 -7.563 -5.182
3804 62.0 -22.028 9.970
3816 62.0 -21.823 9.505
3828 62.0 -21.544 9.039
3840 62.0 -21.134 8.591
3852 62.0 -20.798 7.976
3864 62.0 -20.388 7.361
3876 62.0 -19.978 6.746
3888 62.0 -19.643 6.280
3900 62.0 -19.710 7.326
3912 62.0 -19.622 7.104
3924 62.0 -18.826 5.332
3936 62.0 -18.302 5.317
3948 62.0 -17.557 4.581
3960 62.0 -18.260 6.400
3972 62.0 -18.387 6.110
3984 62.0 -18.429 5.958
3996 62.0 -17.741 6.354
4008 62.0 -14.997 3.361
4020 62.0 -15.088 2.224
4032 62.0 -19.260 8.783
3804 122.0 -16.885 -13.623
3816 122.0 -17.034 -13.940
3828 122.0 -17.034 -13.940
3840 122.0 -17.034 -13.940
3852 122.0 -17.034 -13.940
3864 122.0 -17.034 -13.940
3876 122.0 -17.034 -13.940
3888 122.0 -17.034 -13.940
3900 122.0 -17.016 -14.053
3912 122.0 -17.002 -14.164
3924 122.0 -17.055 -14.327
3936 122.0 -17.035 -14.349
3948 122.0 -17.114 -14.483
3960 122.0 -17.228 -14.385
3972 122.0 -17.090 -14.655
3984 122.0 -17.328 -14.891
3996 122.0 -17.054 -14.777
4008 122.0 -17.075 -15.391
4020 122.0 -17.300 -15.418
4032 122.0 -17.056 -16.263
3840 11.0 -20.351 -2.050
3852 11.0 -20.481 -1.454
3864 11.0 -20.686 -0.988
3876 11.0 -20.910 -0.522
3888 11.0 -21.096 0.075
3900 11.0 -21.245 0.540
3912 11.0 -21.450 1.006
3924 11.0 -21.655 1.603
3936 11.0 -22.701 0.746
3948 11.0 -22.682 1.173
3960 11.0 -22.775 1.289
3972 11.0 -24.092 2.095
3984 11.0 -22.320 1.458
3996 11.0 -22.867 1.475
4008 11.0 -23.689 2.266
4020 11.0 -23.109 2.103
4032 11.0 -23.646 2.635
4044 11.0 -23.079 2.786
4056 11.0 -23.300 3.107
4068 11.0 -23.689 4.046
3876 12.0 -15.897 34.869
3888 12.0 -15.412 35.018
3900 12.0 -14.853 35.316
3912 12.0 -14.313 35.465
3924 12.0 -13.772 35.782
3936 12.0 -13.139 35.931
3948 12.0 -12.598 36.248
3960 12.0 -12.114 36.695
3972 12.0 -12.085 35.855
3984 12.0 -13.288 36.205
3996 12.0 -12.321 36.302
4008 12.0 -11.731 35.557
4020 12.0 -11.701 35.685
4032 12.0 -11.769 35.480
4044 12.0 -11.717 35.144
4056 12.0 -12.547 34.545
4068 12.0 -11.762 34.577
4080 12.0 -11.941 34.839
4092 12.0 -10.709 34.904
4104 12.0 -11.546 35.452
3876 113.0 -25.445 10.355
3888 113.0 -25.445 10.381
3900 113.0 -25.447 10.407
3912 113.0 -25.447 10.433
3924 113.0 -25.448 10.459
3936 113.0 -25.449 10.485
3948 113.0 -25.450 10.511
3960 113.0 -25.451 10.537
3972 113.0 -25.400 10.529
3984 113.0 -25.354 10.565
3996 113.0 -25.444 10.522
4008 113.0 -25.353 10.467
4020 113.0 -25.299 10.460
4032 113.0 -25.309 10.460
4044 113.0 -25.371 10.514
4056 113.0 -25.356 10.606
4068 113.0 -25.289 10.550
4080 113.0 -25.363 10.577
4092 113.0 -25.402 10.547
4104 113.0 -25.460 10.429
3984 80.0 3.560 45.212
3996 80.0 3.560 45.212
4008 80.0 3.522 45.137
4020 80.0 3.522 45.137
4032 80.0 3.522 45.137
4044 80.0 3.522 45.137
4056 80.0 3.522 45.137
4068 80.0 3.522 45.212
4080 80.0 3.510 45.204
4092 80.0 3.486 45.096
4104 80.0 3.442 45.055
4116 80.0 3.465 45.117
4128 80.0 3.459 45.150
4140 80.0 3.490 45.212
4152 80.0 3.497 45.192
4164 80.0 3.486 45.198
4176 80.0 3.566 45.160
4188 80.0 3.536 45.170
4200 80.0 3.492 45.163
4212 80.0 3.478 45.139
3996 14.0 3.429 43.963
4008 14.0 3.429 43.963
4020 14.0 3.429 43.963
4032 14.0 3.429 43.963
4044 14.0 3.429 43.963
4056 14.0 3.429 43.963
4068 14.0 3.429 43.963
4080 14.0 3.429 43.963
4092 14.0 3.341 43.953
4104 14.0 3.340 43.883
4116 14.0 3.315 43.939
4128 14.0 3.338 43.837
4140 14.0 3.352 43.894
4152 14.0 3.392 43.844
4164 14.0 3.380 43.890
4176 14.0 3.414 43.857
4188 14.0 3.435 43.863
4200 14.0 3.428 43.866
4212 14.0 3.477 43.813
4224 14.0 3.512 43.823
4044 63.0 -17.816 -0.540
4056 63.0 -17.779 -1.137
4068 63.0 -17.686 -1.603
4080 63.0 -17.611 -2.218
4092 63.0 -17.574 -2.740
4104 63.0 -17.500 -3.224
4116 63.0 -17.425 -3.820
4128 63.0 -17.388 -4.361
4140 63.0 -17.233 -4.922
4152 63.0 -17.067 -5.552
4164 63.0 -17.454 -6.037
4176 63.0 -17.249 -5.619
4188 63.0 -17.479 -6.827
4200 63.0 -17.277 -6.932
4212 63.0 -17.762 -4.743
4224 63.0 -17.463 -7.813
4236 63.0 -17.630 -8.696
4248 63.0 -17.536 -10.459
4260 63.0 -17.642 -11.558
4272 63.0 -17.887 -8.849
4116 13.0 -5.535 41.839
4128 13.0 -5.181 42.286
4140 13.0 -4.845 42.901
4152 13.0 -4.566 43.367
4164 13.0 -4.230 43.982
4176 13.0 -3.876 44.429
4188 13.0 -3.541 45.044
4200 13.0 -3.205 45.510
4212 13.0 -4.141 44.692
4224 13.0 -4.139 44.803
4236 13.0 -4.073 45.189
4248 13.0 -4.037 44.992
4260 13.0 -4.437 45.524
4272 13.0 -3.644 45.313
4284 13.0 -3.651 46.345
4296 13.0 -3.751 46.011
4308 13.0 -3.468 46.465
4320 13.0 -3.566 46.684
4332 13.0 -4.037 47.212
4344 13.0 -4.234 47.191
4116 114.0 -23.743 8.442
4128 114.0 -23.407 7.958
4140 114.0 -23.128 7.660
4152 114.0 -22.848 7.361
4164 114.0 -22.587 6.895
4176 114.0 -22.289 6.579
4188 114.0 -22.103 6.131
4200 114.0 -22.028 5.684
4212 114.0 -20.940 5.609
4224 114.0 -20.977 6.065
4236 114.0 -21.211 6.370
4248 114.0 -20.491 5.753
4260 114.0 -20.321 5.412
4272 114.0 -19.859 4.771
4284 114.0 -19.415 4.764
4296 114.0 -19.160 4.488
4308 114.0 -18.607 4.712
4320 114.0 -18.128 4.297
4332 114.0 -18.735 4.214
4344 114.0 -16.249 2.721
4224 81.0 3.522 45.286
4236 81.0 3.522 45.286
4248 81.0 3.522 45.286
4260 81.0 3.485 45.361
4272 81.0 3.485 45.361
4284 81.0 3.485 45.361
4296 81.0 3.485 45.361
4308 81.0 3.485 45.361
4320 81.0 3.463 45.287
4332 81.0 3.487 45.238
4344 81.0 3.484 45.192
4356 81.0 3.511 45.192
4368 81.0 3.559 45.166
4380 81.0 3.528 45.193
4392 81.0 3.536 45.124
4404 81.0 3.514 45.117
4416 81.0 3.536 45.085
4428 81.0 3.518 45.070
4440 81.0 3.528 45.124
4452 81.0 3.502 45.149
4236 15.0 3.429 43.963
4248 15.0 3.429 43.963
4260 15.0 3.429 43.963
4272 15.0 3.429 43.963
4284 15.0 3.429 43.963
4296 15.0 3.429 43.963
4308 15.0 3.429 43.963
4320 15.0 3.429 43.963
4332 15.0 3.432 43.947
4344 15.0 3.409 44.020
4356 15.0 3.406 43.984
4368 15.0 3.405 44.021
4380 15.0 3.465 44.024
4392 15.0 3.534 44.061
4404 15.0 3.617 44.101
4416 15.0 3.622 44.134
4428 15.0 3.622 44.133
4440 15.0 3.602 44.126
4452 15.0 3.585 44.124
4464 15.0 3.540 44.083
4356 115.0 -20.947 -0.149
4368 115.0 -20.873 -0.466
4380 115.0 -20.798 -0.913
4392 115.0 -20.649 -1.360
4404 115.0 -20.575 -1.845
4416 115.0 -20.519 -2.292
4428 115.0 -20.463 -2.740
4440 115.0 -20.388 -3.224
4452 115.0 -19.837 -2.612
4464 115.0 -20.325 -3.391
4476 115.0 -20.626 -3.405
4488 115.0 -20.418 -3.533
4500 115.0 -20.411 -3.962
4512 115.0 -20.528 -4.633
4524 115.0 -20.456 -5.197
4536 115.0 -20.046 -5.861
4548 115.0 -20.409 -6.940
4560 115.0 -20.423 -7.881
4572 115.0 -20.621 -7.739
4584 115.0 -20.648 -9.418
4464 82.0 3.485 45.510
4476 82.0 3.485 45.510
4488 82.0 3.485 45.510
4500 82.0 3.485 45.585
4512 82.0 3.448 45.510
4524 82.0 3.448 45.510
4536 82.0 3.448 45.436
4548 82.0 3.448 45.436
4560 82.0 3.440 45.379
4572 82.0 3.426 45.379
4584 82.0 3.344 45.428
4596 82.0 3.283 45.393
4608 82.0 3.450 45.482
4620 82.0 3.473 45.416
4632 82.0 3.496 45.426
4644 82.0 3.503 45.387
4656 82.0 3.569 45.425
4668 82.0 3.483 45.404
4680 82.0 3.455 45.389
4692 82.0 3.430 45.417
4596 116.0 -19.661 -9.579
4608 116.0 -19.624 -10.026
4620 116.0 -19.568 -10.492
4632 116.0 -19.494 -10.958
4644 116.0 -19.494 -11.405
4656 116.0 -19.419 -11.778
4668 116.0 -19.382 -12.188
4680 116.0 -19.345 -12.635
4692 116.0 -19.490 -12.474
4704 116.0 -19.568 -12.697
4716 116.0 -19.348 -13.660
4728 116.0 -19.005 -13.770
4740 116.0 -19.277 -14.542
4752 116.0 -19.042 -15.001
4764 116.0 -19.209 -15.754
4776 116.0 -19.137 -17.392
4788 116.0 -19.218 -16.172
4800 116.0 -19.123 -16.374
4812 116.0 -19.569 -16.836
4824 116.0 -19.461 -18.253
4704 83.0 3.448 45.137
4716 83.0 3.448 45.063
4728 83.0 3.448 45.063
4740 83.0 3.448 45.063
4752 83.0 3.485 45.063
4764 83.0 3.485 45.063
4776 83.0 3.485 45.063
4788 83.0 3.485 44.970
4800 83.0 3.507 44.952
4812 83.0 3.498 44.853
4824 83.0 3.578 44.954
4836 83.0 3.636 44.988
4848 83.0 3.656 45.002
4860 83.0 3.674 44.780
4872 83.0 3.619 44.980
4884 83.0 3.679 44.912
4896 83.0 3.588 44.898
4908 83.0 3.563 44.833
4920 83.0 3.659 44.629
4932 83.0 3.687 44.664
4836 74.0 4.883 14.220
4848 74.0 4.249 13.250
4860 74.0 3.690 12.654
4872 74.0 3.131 12.170
4884 74.0 2.609 11.573
4896 74.0 2.385 11.126
4908 74.0 2.385 10.790
4920 74.0 2.255 10.343
4932 74.0 3.304 10.428
4944 74.0 3.532 10.200
4956 74.0 3.500 9.787
4968 74.0 3.653 9.742
4980 74.0 3.512 8.775
4992 74.0 4.374 8.955
5004 74.0 4.350 8.093
5016 74.0 4.013 7.510
5028 74.0 4.009 7.375
5040 74.0 4.164 6.878
5052 74.0 3.564 7.944
5064 74.0 4.320 6.952
4848 29.0 4.547 16.232
4860 29.0 4.286 15.487
4872 29.0 3.988 14.853
4884 29.0 3.727 14.257
4896 29.0 3.466 13.474
4908 29.0 3.168 12.878
4920 29.0 2.907 12.263
4932 29.0 2.758 11.648
4944 29.0 3.400 11.612
4956 29.0 3.535 11.579
4968 29.0 3.666 10.784
4980 29.0 3.380 10.458
4992 29.0 3.606 10.103
5004 29.0 3.517 9.979
5016 29.0 4.417 12.220
5028 29.0 3.920 11.044
5040 29.0 4.042 9.345
5052 29.0 3.624 5.710
5064 29.0 3.877 5.207
5076 29.0 3.232 8.518
4944 84.0 3.485 44.671
4956 84.0 3.485 44.671
4968 84.0 3.485 44.597
4980 84.0 3.485 44.597
4992 84.0 3.485 44.597
5004 84.0 3.485 44.597
5016 84.0 3.485 44.597
5028 84.0 3.485 44.597
5040 84.0 3.513 44.523
5052 84.0 3.525 44.509
5064 84.0 3.523 44.496
5076 84.0 3.560 44.417
5088 84.0 3.473 44.426
5100 84.0 3.553 44.475
5112 84.0 3.564 44.372
5124 84.0 3.581 44.334
5136 84.0 3.612 44.269
5148 84.0 3.463 44.187
5160 84.0 3.573 44.250
5172 84.0 3.484 44.234
5004 24.0 3.615 43.665
5016 24.0 3.615 43.665
5028 24.0 3.615 43.665
5040 24.0 3.615 43.665
5052 24.0 3.615 43.665
5064 24.0 3.615 43.665
5076 24.0 3.615 43.665
5088 24.0 3.615 43.665
5100 24.0 3.656 43.674
5112 24.0 3.638 43.627
5124 24.0 3.704 43.601
5136 24.0 3.658 43.687
5148 24.0 3.655 43.662
5160 24.0 3.657 43.726
5172 24.0 3.668 43.656
5184 24.0 3.676 43.664
5196 24.0 3.720 43.647
5208 24.0 3.703 43.670
5220 24.0 3.780 43.690
5232 24.0 3.839 43.763
5076 75.0 0.149 3.224
5088 75.0 0.019 2.684
5100 75.0 -0.112 2.162
5112 75.0 -0.317 1.603
5124 75.0 -0.447 1.081
5136 75.0 -0.596 0.540
5148 75.0 -0.764 0.000
5160 75.0 -0.895 -0.522
5172 75.0 -0.414 -1.017
5184 75.0 -0.313 -1.413
5196 75.0 -0.283 -2.339
5208 75.0 -0.397 -2.533
5220 75.0 -0.300 -2.939
5232 75.0 -0.352 -2.588
5244 75.0 -0.523 -4.325
5256 75.0 -0.492 -4.055
5268 75.0 -0.411 -3.331
5280 75.0 -0.372 -6.185
5292 75.0 0.183 -4.236
5304 75.0 0.057 -5.032
5088 30.0 0.373 4.603
5100 30.0 0.149 4.137
5112 30.0 -0.112 3.597
5124 30.0 -0.391 3.150
5136 30.0 -0.671 2.609
5148 30.0 -0.895 2.143
5160 30.0 -1.174 1.621
5172 30.0 -1.454 1.155
5184 30.0 -1.077 0.671
5196 30.0 -0.795 0.795
5208 30.0 -0.411 -0.120
5220 30.0 -0.394 -0.955
5232 30.0 -0.339 -1.212
5244 30.0 -0.173 -1.815
5256 30.0 -0.480 -3.429
5268 30.0 -0.203 -3.447
5280 30.0 -0.753 -3.395
5292 30.0 -1.398 -2.366
5304 30.0 -1.148 -1.016
5316 30.0 -0.516 -2.349
5088 72.0 -18.860 -12.337
5100 72.0 -19.158 -12.020
5112 72.0 -19.233 -11.405
5124 72.0 -19.345 -10.958
5136 72.0 -19.419 -10.343
5148 72.0 -19.494 -9.877
5160 72.0 -19.643 -9.262
5172 72.0 -19.699 -8.796
5184 72.0 -19.608 -8.473
5196 72.0 -19.603 -8.973
5208 72.0 -19.743 -9.065
5220 72.0 -19.785 -8.630
5232 72.0 -19.842 -7.483
5244 72.0 -19.423 -8.108
5256 72.0 -19.768 -8.262
5268 72.0 -20.105 -6.321
5280 72.0 -20.399 -6.251
5292 72.0 -20.210 -6.792
5304 72.0 -20.409 -4.627
5316 72.0 -20.096 -5.822
5184 85.0 3.410 44.970
5196 85.0 3.410 44.970
5208 85.0 3.410 45.063
5220 85.0 3.410 45.063
5232 85.0 3.410 45.063
5244 85.0 3.410 45.137
5256 85.0 3.373 45.137
5268 85.0 3.373 45.212
5280 85.0 3.360 45.137
5292 85.0 3.345 45.009
5304 85.0 3.386 45.095
5316 85.0 3.421 45.135
5328 85.0 3.367 45.059
5340 85.0 3.336 44.979
5352 85.0 3.318 44.948
5364 85.0 3.333 44.956
5376 85.0 3.326 44.868
5388 85.0 3.335 44.927
5400 85.0 3.333 44.997
5412 85.0 3.369 44.937
5208 18.0 1.025 52.014
5220 18.0 0.857 51.250
5232 18.0 0.783 50.784
5244 18.0 0.708 50.337
5256 18.0 0.634 49.722
5268 18.0 0.559 49.256
5280 18.0 0.503 48.809
5292 18.0 0.447 48.343
5304 18.0 0.791 49.282
5316 18.0 0.695 48.417
5328 18.0 0.646 48.039
5340 18.0 0.463 47.467
5352 18.0 0.398 46.969
5364 18.0 0.524 46.502
5376 18.0 0.762 45.328
5388 18.0 0.753 45.690
5400 18.0 0.531 46.068
5412 18.0 0.383 44.705
5424 18.0 0.174 44.051
5436 18.0 0.327 44.653
5244 25.0 3.615 43.665
5256 25.0 3.615 43.665
5268 25.0 3.615 43.665
5280 25.0 3.615 43.665
5292 25.0 3.615 43.665
5304 25.0 3.615 43.665
5316 25.0 3.615 43.665
5328 25.0 3.615 43.665
5340 25.0 3.620 43.611
5352 25.0 3.644 43.641
5364 25.0 3.637 43.612
5376 25.0 3.637 43.669
5388 25.0 3.655 43.645
5400 25.0 3.680 43.630
5412 25.0 3.634 43.576
5424 25.0 3.620 43.632
5436 25.0 3.596 43.611
5448 25.0 3.548 43.615
5460 25.0 3.582 43.637
5472 25.0 3.592 43.665
5244 69.0 4.622 13.493
5256 69.0 4.063 13.176
5268 69.0 3.522 12.878
5280 69.0 2.982 12.729
5292 69.0 2.497 12.412
5304 69.0 1.938 12.114
5316 69.0 1.398 11.797
5328 69.0 0.857 11.648
5340 69.0 2.039 12.231
5352 69.0 3.577 12.348
5364 69.0 2.245 12.551
5376 69.0 2.458 10.927
5388 69.0 1.897 11.551
5400 69.0 0.802 12.472
5412 69.0 1.231 12.337
5424 69.0 0.681 12.233
5436 69.0 1.913 12.466
5448 69.0 1.481 11.853
5460 69.0 2.060 12.465
5472 69.0 1.201 11.916
5316 76.0 -1.864 -4.044
5328 76.0 -1.864 -4.361
5340 76.0 -1.994 -4.827
5352 76.0 -2.199 -5.125
5364 76.0 -2.348 -5.572
5376 76.0 -2.479 -5.908
5388 76.0 -2.684 -6.355
5400 76.0 -2.833 -6.802
5412 76.0 -2.815 -6.981
5424 76.0 -2.750 -8.246
5436 76.0 -2.435 -8.661
5448 76.0 -2.453 -9.808
5460 76.0 -2.520 -9.520
5472 76.0 -2.200 -9.311
5484 76.0 -2.286 -11.154
5496 76.0 -2.201 -11.063
5508 76.0 -2.401 -9.749
5520 76.0 -2.002 -11.344
5532 76.0 -2.238 -12.849
5544 76.0 -2.477 -14.578
5424 86.0 3.299 45.510
5436 86.0 3.299 45.585
5448 86.0 3.299 45.585
5460 86.0 3.299 45.585
5472 86.0 3.299 45.659
5484 86.0 3.299 45.659
5496 86.0 3.299 45.659
5508 86.0 3.336 45.659
5520 86.0 3.332 45.710
5532 86.0 3.295 45.699
5544 86.0 3.339 45.747
5556 86.0 3.449 45.719
5568 86.0 3.425 45.542
5580 86.0 3.522 45.548
5592 86.0 3.542 45.490
5604 86.0 3.496 45.413
5616 86.0 3.555 45.407
5628 86.0 3.500 45.458
5640 86.0 3.556 45.502
5652 86.0 3.532 45.453
5484 70.0 -5.740 7.212
5496 70.0 -6.150 6.746
5508 70.0 -6.560 6.206
5520 70.0 -6.840 5.740
5532 70.0 -7.175 5.293
5544 70.0 -7.455 4.752
5556 70.0 -7.790 4.286
5568 70.0 -8.107 3.914
5580 70.0 -6.740 3.676
5592 70.0 -7.306 2.810
5604 70.0 -6.526 2.625
5616 70.0 -6.509 1.761
5628 70.0 -6.906 1.531
5640 70.0 -6.623 0.546
5652 70.0 -6.191 0.436
5664 70.0 -6.733 -0.573
5676 70.0 -6.880 1.985
5688 70.0 -6.653 -0.381
5700 70.0 -5.643 3.393
5712 70.0 -6.540 -3.344
5556 77.0 -3.522 -9.877
5568 77.0 -3.522 -9.877
5580 77.0 -3.485 -9.877
5592 77.0 -3.522 -10.026
5604 77.0 -3.522 -10.026
5616 77.0 -3.522 -10.101
5628 77.0 -3.541 -10.101
5640 77.0 -3.541 -10.175
5652 77.0 -3.544 -10.077
5664 77.0 -3.545 -10.027
5676 77.0 -3.590 -10.031
5688 77.0 -3.618 -10.037
5700 77.0 -3.575 -10.073
5712 77.0 -3.577 -10.079
5724 77.0 -3.557 -10.083
5736 77.0 -3.576 -10.030
5748 77.0 -3.482 -10.067
5760 77.0 -3.550 -10.074
5772 77.0 -3.595 -10.082
5784 77.0 -3.590 -10.124
5604 73.0 4.510 12.952
5616 73.0 3.970 12.952
5628 73.0 3.410 12.952
5640 73.0 2.870 12.803
5652 73.0 2.330 12.803
5664 73.0 1.770 12.635
5676 73.0 1.230 12.635
5688 73.0 0.671 12.635
5700 73.0 0.881 12.682
5712 73.0 1.946 12.546
5724 73.0 1.308 13.037
5736 73.0 0.267 13.423
5748 73.0 0.747 12.641
5760 73.0 1.005 13.728
5772 73.0 0.067 13.807
5784 73.0 -1.836 14.215
5796 73.0 -1.407 14.392
5808 73.0 -1.603 14.478
5820 73.0 -2.345 14.977
5832 73.0 -1.721 14.004
5664 87.0 3.373 45.436
5676 87.0 3.373 45.436
5688 87.0 3.410 45.436
5700 87.0 3.410 45.436
5712 87.0 3.410 45.436
5724 87.0 3.410 45.361
5736 87.0 3.410 45.361
5748 87.0 3.410 45.361
5760 87.0 3.403 45.343
5772 87.0 3.380 45.387
5784 87.0 3.375 45.473
5796 87.0 3.455 45.472
5808 87.0 3.378 45.354
5820 87.0 3.425 45.338
5832 87.0 3.388 45.317
5844 87.0 3.367 45.268
5856 87.0 3.379 45.252
5868 87.0 3.390 45.230
5880 87.0 3.288 45.306
5892 87.0 3.340 45.369
5724 71.0 -12.151 -2.218
5736 71.0 -12.430 -2.833
5748 71.0 -12.710 -3.280
5760 71.0 -12.971 -3.895
5772 71.0 -13.250 -4.361
5784 71.0 -13.530 -4.827
5796 71.0 -13.791 -5.442
5808 71.0 -14.070 -5.889
5820 71.0 -13.697 -5.563
5832 71.0 -12.953 -5.268
5844 71.0 -12.946 -6.071
5856 71.0 -12.917 -6.168
5868 71.0 -12.815 -6.873
5880 71.0 -12.495 -7.259
5892 71.0 -12.621 -7.587
5904 71.0 -12.278 -7.662
5916 71.0 -12.878 -9.503
5928 71.0 -12.765 -9.201
5940 71.0 -13.057 -8.631
5952 71.0 -12.985 -10.287
6336 42.0 1.770 15.245
6348 42.0 1.062 15.245
6360 42.0 0.429 15.245
6372 42.0 -0.112 15.245
6384 42.0 -0.727 15.245
6396 42.0 -1.286 15.394
6408 42.0 -1.901 15.394
6420 42.0 -2.441 15.394
6432 42.0 -1.785 15.187
6444 42.0 -2.367 15.681
6456 42.0 -2.494 14.961
6468 42.0 -2.544 15.011
6480 42.0 -2.210 15.096
6492 42.0 -2.351 15.333
6504 42.0 -2.997 14.338
6516 42.0 -3.942 16.250
6528 42.0 -3.546 15.615
6540 42.0 -4.574 16.737
6552 42.0 -3.133 16.571
6564 42.0 -2.701 16.035
6504 40.0 3.765 44.206
6516 40.0 3.765 44.206
6528 40.0 3.765 44.206
6540 40.0 3.765 44.206
6552 40.0 3.765 44.206
6564 40.0 3.765 44.206
6576 40.0 3.765 44.206
6588 40.0 3.765 44.206
6600 40.0 3.746 44.217
6612 40.0 3.763 44.263
6624 40.0 3.790 44.273
6636 40.0 3.794 44.234
6648 40.0 3.777 44.153
6660 40.0 3.796 44.144
6672 40.0 3.804 44.126
6684 40.0 3.765 44.212
6696 40.0 3.767 44.215
6708 40.0 3.751 44.265
6720 40.0 3.838 44.258
6732 40.0 3.790 44.186
6504 44.0 -20.407 19.326
6516 44.0 -19.810 19.326
6528 44.0 -19.177 19.326
6540 44.0 -18.506 19.326
6552 44.0 -17.872 19.326
6564 44.0 -17.257 19.326
6576 44.0 -16.568 19.326
6588 44.0 -15.971 19.326
6600 44.0 -17.064 19.146
6612 44.0 -17.038 18.981
6624 44.0 -16.016 18.837
6636 44.0 -15.662 19.445
6648 44.0 -17.160 19.121
6660 44.0 -15.606 18.944
6672 44.0 -15.060 19.515
6684 44.0 -16.630 19.378
6696 44.0 -15.957 19.407
6708 44.0 -15.662 19.229
6720 44.0 -15.595 19.422
6732 44.0 -15.218 18.678
6504 46.0 -7.492 -5.367
6516 46.0 -7.492 -5.367
6528 46.0 -7.492 -5.367
6540 46.0 -7.492 -5.367
6552 46.0 -7.492 -5.367
6564 46.0 -7.492 -5.367
6576 46.0 -7.492 -5.367
6588 46.0 -7.492 -5.367
6600 46.0 -7.496 -5.378
6612 46.0 -7.453 -5.412
6624 46.0 -7.394 -5.414
6636 46.0 -7.396 -5.369
6648 46.0 -7.461 -5.365
6660 46.0 -7.507 -5.377
6672 46.0 -7.492 -5.377
6684 46.0 -7.476 -5.344
6696 46.0 -7.465 -5.319
6708 46.0 -7.494 -5.373
6720 46.0 -7.470 -5.432
6732 46.0 -7.482 -5.405
6576 43.0 -10.604 16.251
6588 43.0 -11.014 16.251
6600 43.0 -11.499 16.251
6612 43.0 -11.983 16.251
6624 43.0 -12.468 16.251
6636 43.0 -13.008 16.251
6648 43.0 -13.549 16.251
6660 43.0 -14.108 16.400
6672 43.0 -14.461 17.266
6684 43.0 -14.073 16.701
6696 43.0 -14.810 17.459
6708 43.0 -14.853 17.364
6720 43.0 -15.276 17.468
6732 43.0 -16.048 17.705
6744 43.0 -15.345 16.974
6756 43.0 -16.422 18.162
6768 43.0 -17.178 18.852
6780 43.0 -17.299 18.401
6792 43.0 -16.361 18.115
6804 43.0 -18.403 18.763
6744 41.0 3.765 44.206
6756 41.0 3.765 44.206
6768 41.0 3.765 44.206
6780 41.0 3.765 44.206
6792 41.0 3.765 44.206
6804 41.0 3.765 44.206
6816 41.0 3.765 44.206
6828 41.0 3.765 44.206
6840 41.0 3.799 44.195
6852 41.0 3.837 44.259
6864 41.0 3.882 44.218
6876 41.0 3.887 44.198
6888 41.0 3.823 44.239
6900 41.0 3.858 44.280
6912 41.0 3.879 44.218
6924 41.0 3.821 44.191
6936 41.0 3.807 44.179
6948 41.0 3.779 44.173
6960 41.0 3.758 44.253
6972 41.0 3.749 44.252
6744 45.0 -7.734 19.475
6756 45.0 -7.100 19.475
6768 45.0 -6.430 19.475
6780 45.0 -5.796 19.475
6792 45.0 -5.200 19.475
6804 45.0 -4.566 19.475
6816 45.0 -3.951 19.475
6828 45.0 -3.261 19.475
6840 45.0 -4.898 19.704
6852 45.0 -3.904 19.416
6864 45.0 -3.775 19.363
6876 45.0 -3.785 19.348
6888 45.0 -4.093 19.465
6900 45.0 -4.165 19.505
6912 45.0 -3.725 19.056
6924 45.0 -4.040 19.419
6936 45.0 -3.720 18.716
6948 45.0 -2.525 18.848
6960 45.0 -3.879 19.547
6972 45.0 -2.435 18.901
6744 47.0 -7.492 -5.367
6756 47.0 -7.492 -5.367
6768 47.0 -7.492 -5.367
6780 47.0 -7.492 -5.367
6792 47.0 -7.492 -5.367
6804 47.0 -7.492 -5.367
6816 47.0 -7.492 -5.367
6828 47.0 -7.492 -5.367
6840 47.0 -7.527 -5.392
6852 47.0 -7.485 -5.448
6864 47.0 -7.465 -5.386
6876 47.0 -7.501 -5.370
6888 47.0 -7.514 -5.345
6900 47.0 -7.483 -5.392
6912 47.0 -7.459 -5.441
6924 47.0 -7.420 -5.355
6936 47.0 -7.455 -5.374
6948 47.0 -7.419 -5.369
6960 47.0 -7.491 -5.429
6972 47.0 -7.468 -5.377
6840 2.0 5.032 14.406
6852 2.0 4.417 14.406
6864 2.0 3.802 14.555
6876 2.0 3.168 14.555
6888 2.0 2.572 14.704
6900 2.0 1.938 14.704
6912 2.0 1.323 14.704
6924 2.0 0.708 14.872
6936 2.0 0.748 15.851
6948 2.0 1.374 15.453
6960 2.0 0.915 15.574
6972 2.0 0.007 16.453
6984 2.0 -0.114 16.816
6996 2.0 -0.809 17.003
7008 2.0 -1.778 17.777
7020 2.0 -2.088 17.683
7032 2.0 -1.338 17.573
7044 2.0 -2.684 17.930
7056 2.0 -2.545 17.627
7068 2.0 -3.406 18.052
6888 0.0 3.578 19.158
6900 0.0 3.243 18.543
6912 0.0 2.833 17.928
6924 0.0 2.497 17.313
6936 0.0 2.143 16.698
6948 0.0 1.733 16.102
6960 0.0 1.398 15.468
6972 0.0 0.988 14.872
6984 0.0 1.661 14.984
6996 0.0 2.325 15.418
7008 0.0 2.410 14.747
7020 0.0 2.344 14.862
7032 0.0 2.738 14.828
7044 0.0 3.294 13.286
7056 0.0 3.012 12.059
7068 0.0 2.848 11.264
7080 0.0 3.191 11.846
7092 0.0 2.004 11.389
7104 0.0 2.668 10.818
7116 0.0 2.019 9.256
6996 159.0 -17.369 -14.704
7008 159.0 -17.295 -14.406
7020 159.0 -17.090 -13.623
7032 159.0 -16.940 -13.027
7044 159.0 -16.885 -12.412
7056 159.0 -16.885 -11.797
7068 159.0 -16.885 -11.182
7080 159.0 -16.940 -10.567
7092 159.0 -17.207 -11.401
7104 159.0 -16.927 -11.126
7116 159.0 -17.149 -10.067
7128 159.0 -17.182 -10.467
7140 159.0 -16.883 -9.631
7152 159.0 -16.802 -8.331
7164 159.0 -16.965 -7.249
7176 159.0 -16.753 -6.494
7188 159.0 -17.604 -8.539
7200 159.0 -17.350 -3.441
7212 159.0 -17.237 -5.157
7224 159.0 -17.219 -5.419
7080 3.0 -6.001 14.164
7092 3.0 -6.635 14.164
7104 3.0 -7.231 14.164
7116 3.0 -7.939 14.015
7128 3.0 -8.535 14.015
7140 3.0 -9.132 14.015
7152 3.0 -9.859 14.015
7164 3.0 -10.343 14.015
7176 3.0 -9.444 13.863
7188 3.0 -10.207 14.341
7200 3.0 -11.212 14.734
7212 3.0 -10.975 14.841
7224 3.0 -11.001 14.748
7236 3.0 -12.752 16.850
7248 3.0 -12.582 15.209
7260 3.0 -11.487 14.501
7272 3.0 -10.900 14.455
7284 3.0 -11.675 13.726
7296 3.0 -11.256 15.508
7308 3.0 -10.479 13.420
7128 1.0 -4.324 7.734
7140 1.0 -4.808 7.287
7152 1.0 -5.293 6.821
7164 1.0 -5.665 6.280
7176 1.0 -6.001 5.665
7188 1.0 -6.430 5.069
7200 1.0 -6.802 4.454
7212 1.0 -7.138 3.914
7224 1.0 -5.921 3.713
7236 1.0 -5.179 4.092
7248 1.0 -5.743 2.396
7260 1.0 -5.388 2.054
7272 1.0 -5.242 2.094
7284 1.0 -5.365 1.636
7296 1.0 -5.050 1.608
7308 1.0 -4.713 0.447
7320 1.0 -5.084 0.332
7332 1.0 -4.609 0.695
7344 1.0 -5.079 -1.194
7356 1.0 -4.746 0.622
7236 160.0 -16.885 -2.590
7248 160.0 -16.885 -1.994
7260 160.0 -16.829 -1.379
7272 160.0 -16.829 -0.764
7284 160.0 -16.754 -0.149
7296 160.0 -16.754 0.466
7308 160.0 -16.680 1.081
7320 160.0 -16.680 1.696
7332 160.0 -16.907 1.915
7344 160.0 -16.564 1.363
7356 160.0 -16.731 1.445
7368 160.0 -16.721 2.867
7380 160.0 -16.770 2.477
7392 160.0 -16.879 3.297
7404 160.0 -16.887 4.479
7416 160.0 -16.586 4.831
7428 160.0 -16.904 2.937
7440 160.0 -16.599 3.283
7452 160.0 -16.764 4.298
7464 160.0 -16.701 5.641
7308 157.0 4.696 13.791
7320 157.0 4.137 13.642
7332 157.0 3.653 13.493
7344 157.0 3.112 13.325
7356 157.0 2.628 13.176
7368 157.0 2.087 13.027
7380 157.0 1.603 12.878
7392 157.0 1.118 12.729
7404 157.0 1.571 13.094
7416 157.0 1.102 13.416
7428 157.0 1.028 13.636
7440 157.0 1.257 13.649
7452 157.0 1.364 13.732
7464 157.0 -0.103 14.227
7476 157.0 -0.031 15.034
7488 157.0 0.181 14.511
7500 157.0 0.754 14.779
7512 157.0 -0.174 15.069
7524 157.0 0.076 14.775
7536 157.0 -0.133 15.181
7476 161.0 -15.990 9.970
7488 161.0 -15.990 10.418
7500 161.0 -15.990 11.033
7512 161.0 -16.102 11.797
7524 161.0 -16.176 12.561
7536 161.0 -16.232 13.418
7548 161.0 -16.307 14.164
7560 161.0 -16.381 15.021
7572 161.0 -16.308 13.890
7584 161.0 -16.149 14.522
7596 161.0 -16.234 14.495
7608 161.0 -16.389 15.194
7620 161.0 -16.098 16.641
7632 161.0 -16.192 16.636
7644 161.0 -16.643 15.812
7656 161.0 -16.405 19.721
7668 161.0 -16.440 17.419
7680 161.0 -16.255 19.037
7692 161.0 -16.035 17.043
7704 161.0 -16.776 19.983
7548 158.0 -5.945 11.797
7560 158.0 -6.560 11.815
7572 158.0 -7.212 11.965
7584 158.0 -7.827 12.039
7596 158.0 -8.442 12.020
7608 158.0 -9.076 12.020
7620 158.0 -9.616 12.020
7632 158.0 -10.231 12.020
7644 158.0 -9.475 12.412
7656 158.0 -8.842 12.305
7668 158.0 -9.717 13.222
7680 158.0 -10.136 13.479
7692 158.0 -9.991 13.311
7704 158.0 -10.671 14.048
7716 158.0 -11.788 14.294
7728 158.0 -12.910 15.201
7740 158.0 -13.006 15.255
7752 158.0 -11.455 14.909
7764 158.0 -13.258 15.525
7776 158.0 -11.934 14.706
8496 16.0 -1.826 21.618
8508 16.0 -1.565 21.618
8520 16.0 -1.155 21.618
8532 16.0 -0.727 21.618
8544 16.0 -0.261 21.767
8556 16.0 0.149 21.767
8568 16.0 0.634 21.767
8580 16.0 1.044 21.767
8592 16.0 0.099 21.744
8604 16.0 0.045 21.756
8616 16.0 0.558 21.430
8628 16.0 0.805 21.743
8640 16.0 1.023 21.609
8652 16.0 1.220 21.767
8664 16.0 1.383 20.724
8676 16.0 1.763 21.554
8688 16.0 1.150 21.153
8700 16.0 0.935 22.037
8712 16.0 1.024 21.265
8724 16.0 1.159 21.542
8496 48.0 3.578 44.056
8508 48.0 3.578 44.056
8520 48.0 3.578 44.056
8532 48.0 3.578 44.056
8544 48.0 3.578 44.056
8556 48.0 3.578 44.056
8568 48.0 3.578 44.056
8580 48.0 3.578 44.056
8592 48.0 3.579 44.003
8604 48.0 3.600 44.008
8616 48.0 3.589 44.009
8628 48.0 3.520 43.964
8640 48.0 3.619 43.936
8652 48.0 3.629 43.947
8664 48.0 3.643 43.938
8676 48.0 3.590 43.975
8688 48.0 3.583 44.021
8700 48.0 3.569 44.014
8712 48.0 3.543 43.939
8724 48.0 3.542 43.931
8508 128.0 -7.138 -5.516
8520 128.0 -7.138 -5.516
8532 128.0 -7.138 -5.516
8544 128.0 -7.138 -5.516
8556 128.0 -7.138 -5.516
8568 128.0 -7.138 -5.516
8580 128.0 -7.138 -5.516
8592 128.0 -7.138 -5.516
8604 128.0 -7.157 -5.509
8616 128.0 -7.169 -5.471
8628 128.0 -7.112 -5.450
8640 128.0 -7.119 -5.457
8652 128.0 -7.096 -5.497
8664 128.0 -7.046 -5.531
8676 128.0 -7.052 -5.515
8688 128.0 -7.053 -5.522
8700 128.0 -7.075 -5.551
8712 128.0 -7.079 -5.552
8724 128.0 -7.022 -5.594
8736 128.0 -7.019 -5.487
8580 88.0 -25.625 14.015
8592 88.0 -25.215 13.120
8604 88.0 -24.880 12.188
8616 88.0 -24.470 11.256
8628 88.0 -24.115 10.660
8640 88.0 -23.780 9.877
8652 88.0 -23.370 9.281
8664 88.0 -23.016 8.647
8676 88.0 -24.245 10.342
8688 88.0 -23.566 9.305
8700 88.0 -23.875 9.213
8712 88.0 -24.016 7.657
8724 88.0 -23.931 8.348
8736 88.0 -23.846 7.422
8748 88.0 -23.737 7.629
8760 88.0 -24.201 9.146
8772 88.0 -24.272 7.610
8784 88.0 -23.921 6.795
8796 88.0 -24.050 5.339
8808 88.0 -24.697 8.563
8736 17.0 8.125 19.307
8748 17.0 8.591 19.009
8760 17.0 9.076 18.711
8772 17.0 9.560 18.543
8784 17.0 9.896 18.543
8796 17.0 9.896 18.543
8808 17.0 9.896 18.543
8820 17.0 9.896 18.543
8832 17.0 10.087 18.379
8844 17.0 10.822 17.556
8856 17.0 10.399 17.791
8868 17.0 11.319 17.423
8880 17.0 11.569 17.373
8892 17.0 12.058 17.052
8904 17.0 12.731 16.586
8916 17.0 12.451 16.566
8928 17.0 13.740 16.242
8940 17.0 12.356 16.904
8952 17.0 13.582 16.029
8964 17.0 15.468 15.339
8736 49.0 3.578 44.056
8748 49.0 3.578 44.056
8760 49.0 3.578 44.056
8772 49.0 3.578 44.056
8784 49.0 3.578 44.056
8796 49.0 3.578 44.056
8808 49.0 3.578 44.056
8820 49.0 3.578 44.056
8832 49.0 3.603 44.070
8844 49.0 3.599 44.047
8856 49.0 3.630 43.951
8868 49.0 3.558 44.057
8880 49.0 3.558 44.113
8892 49.0 3.576 44.090
8904 49.0 3.551 44.104
8916 49.0 3.525 44.103
8928 49.0 3.592 44.086
8940 49.0 3.601 44.191
8952 49.0 3.591 44.166
8964 49.0 3.651 44.040
8748 129.0 -7.138 -5.516
8760 129.0 -7.138 -5.516
8772 129.0 -7.138 -5.516
8784 129.0 -7.138 -5.516
8796 129.0 -7.138 -5.516
8808 129.0 -7.138 -5.516
8820 129.0 -7.138 -5.516
8832 129.0 -7.138 -5.516
8844 129.0 -7.190 -5.532
8856 129.0 -7.145 -5.602
8868 129.0 -7.141 -5.626
8880 129.0 -7.165 -5.635
8892 129.0 -7.276 -5.643
8904 129.0 -7.249 -5.532
8916 129.0 -7.189 -5.446
8928 129.0 -7.208 -5.540
8940 129.0 -7.138 -5.579
8952 129.0 -7.157 -5.540
8964 129.0 -7.110 -5.559
8976 129.0 -7.116 -5.603
8760 57.0 14.052 20.835
8772 57.0 14.462 21.693
8784 57.0 14.909 22.680
8796 57.0 15.245 22.997
8808 57.0 15.580 22.848
8820 57.0 15.878 22.680
8832 57.0 16.139 22.513
8844 57.0 16.475 22.364
8856 57.0 16.043 23.029
8868 57.0 15.779 22.247
8880 57.0 16.037 21.859
8892 57.0 16.088 22.118
8904 57.0 16.327 22.474
8916 57.0 16.284 22.959
8928 57.0 16.315 22.472
8940 57.0 15.875 22.299
8952 57.0 16.097 22.605
8964 57.0 16.360 23.021
8976 57.0 16.568 23.180
8988 57.0 16.516 23.514
