0 14.0 21.467 -17.871
12 14.0 20.844 -17.956
24 14.0 20.221 -18.040
36 14.0 19.711 -18.040
48 14.0 19.088 -18.125
60 14.0 18.465 -18.125
72 14.0 17.927 -18.125
84 14.0 17.332 -18.125
96 14.0 18.381 -17.978
108 14.0 18.198 -17.563
120 14.0 18.473 -17.742
132 14.0 17.289 -17.224
144 14.0 16.114 -16.299
156 14.0 15.555 -15.502
168 14.0 15.920 -15.836
180 14.0 15.352 -14.936
192 14.0 14.458 -15.339
204 14.0 12.349 -13.797
216 14.0 14.087 -14.121
228 14.0 10.528 -12.050
240 15.0 10.167 -17.078
252 15.0 9.629 -16.993
264 15.0 9.119 -16.794
276 15.0 8.496 -16.709
288 15.0 7.987 -16.539
300 15.0 7.590 -16.370
312 15.0 7.080 -16.200
324 15.0 6.542 -16.001
336 15.0 6.284 -15.768
348 15.0 5.506 -15.355
360 15.0 5.373 -15.207
372 15.0 5.977 -15.340
384 15.0 5.641 -15.790
396 15.0 5.248 -15.505
408 15.0 5.669 -15.796
420 15.0 5.255 -15.663
432 15.0 3.878 -15.635
444 15.0 4.776 -15.086
456 15.0 3.073 -14.663
468 15.0 3.422 -14.702
348 18.0 9.006 -18.295
360 18.0 9.459 -18.040
372 18.0 10.082 -17.786
384 18.0 10.705 -17.417
396 18.0 11.300 -17.163
408 18.0 11.923 -16.794
420 18.0 12.461 -16.709
432 18.0 13.084 -16.709
444 18.0 11.917 -17.807
456 18.0 12.240 -17.620
468 18.0 12.272 -18.061
480 18.0 11.441 -17.671
492 18.0 11.525 -17.512
504 18.0 11.656 -17.533
516 18.0 12.090 -18.039
528 18.0 11.859 -18.363
540 18.0 12.337 -18.143
552 18.0 11.723 -18.283
564 18.0 12.692 -18.546
576 18.0 12.976 -18.473
588 19.0 20.986 -16.313
600 19.0 21.722 -16.313
612 19.0 22.544 -16.313
624 19.0 23.252 -16.313
636 19.0 23.875 -16.426
648 19.0 24.611 -16.483
660 19.0 25.347 -16.681
672 19.0 25.970 -16.766
684 19.0 25.030 -16.286
696 19.0 24.645 -16.004
708 19.0 24.634 -16.242
720 19.0 24.036 -16.294
732 19.0 24.362 -16.633
744 19.0 25.009 -16.025
756 19.0 25.490 -16.375
768 19.0 24.910 -17.256
780 19.0 25.377 -17.518
792 19.0 25.739 -16.502
804 19.0 26.056 -17.634
816 19.0 25.737 -17.402
1188 0.0 32.569 -18.550
1200 0.0 31.889 -18.550
1212 0.0 31.266 -18.550
1224 0.0 30.643 -18.437
1236 0.0 30.134 -18.437
1248 0.0 29.510 -18.352
1260 0.0 28.887 -18.352
1272 0.0 28.264 -18.267
1284 0.0 28.727 -17.791
1296 0.0 27.923 -17.485
1308 0.0 28.085 -18.270
1320 0.0 27.332 -16.643
1332 0.0 27.337 -17.152
1344 0.0 26.358 -16.588
1356 0.0 27.261 -17.167
1368 0.0 26.247 -16.776
1380 0.0 25.509 -15.800
1392 0.0 26.339 -16.651
1404 0.0 26.517 -16.258
1416 0.0 27.094 -16.649
1188 1.0 32.569 -17.474
1200 1.0 31.889 -17.474
1212 1.0 31.266 -17.361
1224 1.0 30.757 -17.361
1236 1.0 30.134 -17.304
1248 1.0 29.510 -17.304
1260 1.0 28.887 -17.304
1272 1.0 28.264 -17.304
1284 1.0 28.838 -16.910
1296 1.0 27.832 -16.831
1308 1.0 28.401 -16.100
1320 1.0 28.766 -16.558
1332 1.0 28.114 -15.862
1344 1.0 27.257 -15.887
1356 1.0 26.118 -15.528
1368 1.0 25.708 -15.105
1380 1.0 26.673 -16.001
1392 1.0 26.328 -14.712
1404 1.0 26.625 -15.420
1416 1.0 25.707 -15.038
1188 2.0 32.569 -16.058
1200 2.0 31.889 -16.058
1212 2.0 31.181 -16.058
1224 2.0 30.558 -15.973
1236 2.0 29.850 -15.973
1248 2.0 29.227 -15.860
1260 2.0 28.717 -15.860
1272 2.0 28.094 -15.860
1284 2.0 28.123 -15.761
1296 2.0 28.590 -15.072
1308 2.0 27.816 -14.315
1320 2.0 27.677 -15.784
1332 2.0 26.789 -14.630
1344 2.0 27.000 -14.651
1356 2.0 26.575 -14.559
1368 2.0 26.226 -15.294
1380 2.0 25.128 -14.067
1392 2.0 25.520 -13.911
1404 2.0 27.768 -16.900
1416 2.0 29.073 -15.629
1188 34.0 32.711 -16.823
1200 34.0 31.946 -16.823
1212 34.0 31.323 -16.709
1224 34.0 30.813 -16.709
1236 34.0 30.190 -16.624
1248 34.0 29.567 -16.624
1260 34.0 28.944 -16.539
1272 34.0 28.434 -16.539
1284 34.0 28.369 -15.903
1296 34.0 28.650 -16.433
1308 34.0 28.869 -16.814
1320 34.0 27.781 -15.931
1332 34.0 27.941 -16.696
1344 34.0 28.252 -15.643
1356 34.0 26.455 -15.020
1368 34.0 26.091 -15.454
1380 34.0 26.563 -14.873
1392 34.0 26.449 -15.269
1404 34.0 25.907 -14.234
1416 34.0 26.609 -14.496
1188 36.0 32.343 -18.975
1200 36.0 31.606 -18.862
1212 36.0 31.011 -18.749
1224 36.0 30.445 -18.607
1236 36.0 29.879 -18.494
1248 36.0 29.256 -18.352
1260 36.0 28.604 -18.437
1272 36.0 28.066 -18.409
1284 36.0 27.527 -17.718
1296 36.0 28.022 -17.586
1308 36.0 27.269 -17.275
1320 36.0 27.019 -16.746
1332 36.0 26.173 -16.380
1344 36.0 25.542 -15.963
1356 36.0 25.735 -15.929
1368 36.0 26.067 -16.165
1380 36.0 24.278 -15.250
1392 36.0 26.131 -15.828
1404 36.0 27.197 -16.213
1416 36.0 23.857 -14.398
1428 35.0 20.674 -16.370
1440 35.0 20.051 -16.285
1452 35.0 19.315 -16.285
1464 35.0 18.805 -16.285
1476 35.0 18.295 -16.370
1488 35.0 17.786 -16.370
1500 35.0 17.276 -16.370
1512 35.0 16.738 -16.285
1524 35.0 16.786 -15.917
1536 35.0 16.321 -15.718
1548 35.0 16.270 -15.951
1560 35.0 16.367 -16.222
1572 35.0 15.501 -15.632
1584 35.0 15.101 -14.121
1596 35.0 14.495 -14.498
1608 35.0 14.648 -13.920
1620 35.0 12.689 -12.506
1632 35.0 12.343 -11.956
1644 35.0 12.955 -12.835
1656 35.0 13.168 -12.572
1428 37.0 20.419 -18.324
1440 37.0 19.881 -18.324
1452 37.0 19.372 -18.324
1464 37.0 18.862 -18.324
1476 37.0 18.239 -18.210
1488 37.0 17.729 -18.210
1500 37.0 17.219 -18.125
1512 37.0 16.624 -18.012
1524 37.0 18.214 -17.746
1536 37.0 16.874 -17.319
1548 37.0 15.859 -16.844
1560 37.0 15.395 -16.452
1572 37.0 15.647 -16.827
1584 37.0 14.344 -15.968
1596 37.0 14.219 -16.389
1608 37.0 14.839 -16.577
1620 37.0 15.139 -17.188
1632 37.0 12.425 -15.124
1644 37.0 11.652 -14.213
1656 37.0 14.300 -14.592
1596 28.0 33.022 -18.040
1608 28.0 32.371 -18.012
1620 28.0 31.974 -17.871
1632 28.0 31.521 -17.757
1644 28.0 31.238 -17.644
1656 28.0 30.842 -17.474
1668 28.0 30.388 -17.332
1680 28.0 29.992 -17.247
1692 28.0 29.613 -17.459
1704 28.0 29.856 -17.339
1716 28.0 29.538 -17.690
1728 28.0 29.533 -17.200
1740 28.0 27.575 -16.078
1752 28.0 27.253 -16.304
1764 28.0 26.617 -15.694
1776 28.0 26.949 -16.425
1788 28.0 26.771 -15.773
1800 28.0 26.150 -14.729
1812 28.0 26.579 -15.093
1824 28.0 26.311 -15.599
1596 47.0 32.711 -18.947
1608 47.0 32.314 -18.975
1620 47.0 31.804 -18.749
1632 47.0 31.408 -18.465
1644 47.0 30.898 -18.324
1656 47.0 30.502 -18.125
1668 47.0 30.105 -18.040
1680 47.0 29.709 -17.956
1692 47.0 28.879 -17.669
1704 47.0 28.341 -17.302
1716 47.0 28.273 -17.046
1728 47.0 27.894 -16.983
1740 47.0 28.086 -16.837
1752 47.0 27.496 -16.986
1764 47.0 26.818 -16.075
1776 47.0 26.234 -15.599
1788 47.0 26.303 -15.979
1800 47.0 27.151 -15.990
1812 47.0 25.342 -14.838
1824 47.0 25.806 -15.395
1632 20.0 7.024 -16.228
1644 20.0 7.194 -16.228
1656 20.0 7.420 -16.143
1668 20.0 7.647 -16.143
1680 20.0 7.930 -16.058
1692 20.0 8.156 -16.058
1704 20.0 8.326 -15.973
1716 20.0 8.553 -15.973
1728 20.0 8.719 -16.376
1740 20.0 9.257 -16.439
1752 20.0 8.985 -16.085
1764 20.0 9.524 -15.748
1776 20.0 9.530 -15.668
1788 20.0 10.073 -16.425
1800 20.0 10.830 -16.454
1812 20.0 10.264 -16.704
1824 20.0 10.353 -16.342
1836 20.0 12.196 -16.685
1848 20.0 10.965 -15.972
1860 20.0 11.559 -16.025
1680 25.0 6.797 -17.786
1692 25.0 6.995 -17.786
1704 25.0 7.392 -17.672
1716 25.0 7.675 -17.672
1728 25.0 8.015 -17.616
1740 25.0 8.355 -17.616
1752 25.0 8.666 -17.502
1764 25.0 8.978 -17.502
1776 25.0 9.035 -17.263
1788 25.0 9.270 -17.456
1800 25.0 9.549 -17.089
1812 25.0 9.960 -17.569
1824 25.0 9.391 -17.996
1836 25.0 9.793 -17.449
1848 25.0 10.214 -17.056
1860 25.0 9.945 -17.584
1872 25.0 10.660 -17.631
1884 25.0 10.354 -17.730
1896 25.0 11.691 -17.855
1908 25.0 9.774 -17.730
1680 38.0 6.231 -16.681
1692 38.0 6.429 -16.681
1704 38.0 6.769 -16.681
1716 38.0 7.052 -16.681
1728 38.0 7.392 -16.681
1740 38.0 7.675 -16.681
1752 38.0 8.015 -16.681
1764 38.0 8.298 -16.681
1776 38.0 8.394 -16.792
1788 38.0 8.281 -17.218
1800 38.0 8.452 -17.427
1812 38.0 8.337 -17.199
1824 38.0 8.620 -17.320
1836 38.0 10.080 -18.300
1848 38.0 10.272 -18.415
1860 38.0 9.720 -18.133
1872 38.0 11.582 -18.783
1884 38.0 10.675 -18.705
1896 38.0 11.816 -18.650
1908 38.0 12.000 -19.498
1836 29.0 24.243 -16.539
1848 29.0 23.818 -16.455
1860 29.0 23.535 -16.370
1872 29.0 23.025 -16.539
1884 29.0 22.487 -16.738
1896 29.0 21.949 -16.908
1908 29.0 21.552 -16.964
1920 29.0 21.156 -17.078
1932 29.0 21.449 -16.460
1944 29.0 21.448 -16.317
1956 29.0 21.973 -16.805
1968 29.0 22.816 -16.547
1980 29.0 21.835 -16.245
1992 29.0 20.869 -15.611
2004 29.0 20.319 -15.720
2016 29.0 20.413 -15.247
2028 29.0 20.499 -15.138
2040 29.0 19.570 -14.971
2052 29.0 19.400 -15.044
2064 29.0 18.582 -14.852
1836 48.0 24.158 -17.502
1848 48.0 23.648 -17.672
1860 48.0 22.912 -17.672
1872 48.0 22.402 -17.616
1884 48.0 21.949 -17.616
1896 48.0 21.552 -17.672
1908 48.0 21.156 -17.786
1920 48.0 20.703 -17.871
1932 48.0 20.650 -17.518
1944 48.0 21.032 -17.227
1956 48.0 20.448 -17.375
1968 48.0 20.549 -17.379
1980 48.0 20.766 -17.625
1992 48.0 19.846 -17.472
2004 48.0 18.751 -16.081
2016 48.0 18.566 -16.695
2028 48.0 19.084 -17.936
2040 48.0 17.892 -16.375
2052 48.0 18.944 -16.827
2064 48.0 19.154 -16.460
1872 21.0 13.169 -15.520
1884 21.0 13.481 -15.520
1896 21.0 13.792 -15.520
1908 21.0 14.104 -15.520
1920 21.0 14.500 -15.520
1932 21.0 14.840 -15.520
1944 21.0 15.123 -15.463
1956 21.0 15.548 -15.463
1968 21.0 15.146 -15.768
1980 21.0 15.664 -15.583
1992 21.0 15.730 -15.582
2004 21.0 16.051 -15.354
2016 21.0 16.051 -15.462
2028 21.0 16.485 -15.162
2040 21.0 15.602 -15.606
2052 21.0 15.848 -15.308
2064 21.0 16.181 -15.478
2076 21.0 17.086 -15.288
2088 21.0 17.779 -16.366
2100 21.0 17.594 -16.224
1920 26.0 13.452 -17.247
1932 26.0 13.792 -17.163
1944 26.0 14.189 -17.049
1956 26.0 14.529 -16.993
1968 26.0 14.812 -16.993
1980 26.0 15.152 -16.879
1992 26.0 15.435 -16.823
2004 26.0 15.860 -16.823
2016 26.0 15.845 -17.307
2028 26.0 15.126 -17.425
2040 26.0 16.192 -17.612
2052 26.0 16.542 -17.428
2064 26.0 16.080 -17.638
2076 26.0 16.881 -17.779
2088 26.0 16.396 -17.117
2100 26.0 18.035 -18.344
2112 26.0 17.311 -17.926
2124 26.0 17.775 -18.039
2136 26.0 17.345 -18.098
2148 26.0 17.280 -17.882
1920 39.0 12.320 -16.285
1932 39.0 12.773 -16.200
1944 39.0 13.056 -16.200
1956 39.0 13.452 -16.200
1968 39.0 13.906 -16.200
1980 39.0 14.189 -16.200
1992 39.0 14.642 -16.200
2004 39.0 15.038 -16.228
2016 39.0 15.028 -16.157
2028 39.0 15.360 -16.429
2040 39.0 15.521 -16.169
2052 39.0 15.773 -16.310
2064 39.0 15.953 -16.318
2076 39.0 15.949 -16.334
2088 39.0 16.238 -16.246
2100 39.0 16.616 -15.973
2112 39.0 16.411 -16.354
2124 39.0 16.735 -15.925
2136 39.0 17.652 -16.496
2148 39.0 16.875 -16.539
2076 30.0 17.417 -16.879
2088 30.0 17.616 -16.936
2100 30.0 18.040 -16.936
2112 30.0 18.352 -17.021
2124 30.0 18.749 -17.021
2136 30.0 19.173 -17.106
2148 30.0 19.598 -17.106
2160 30.0 19.995 -17.106
2172 30.0 19.723 -17.097
2184 30.0 20.580 -17.521
2196 30.0 20.383 -17.494
2208 30.0 20.124 -17.756
2220 30.0 20.959 -17.401
2232 30.0 20.908 -17.117
2244 30.0 20.991 -17.482
2256 30.0 21.137 -17.342
2268 30.0 21.030 -17.419
2280 30.0 22.058 -17.674
2292 30.0 22.234 -18.266
2304 30.0 20.953 -17.878
2076 49.0 15.916 -17.474
2088 49.0 15.293 -17.389
2100 49.0 14.670 -17.219
2112 49.0 14.047 -17.106
2124 49.0 13.424 -17.106
2136 49.0 12.914 -17.106
2148 49.0 12.405 -17.106
2160 49.0 11.866 -17.219
2172 49.0 12.103 -16.254
2184 49.0 11.956 -16.367
2196 49.0 11.326 -16.513
2208 49.0 9.902 -16.774
2220 49.0 10.922 -17.306
2232 49.0 9.943 -16.912
2244 49.0 9.098 -16.438
2256 49.0 7.122 -15.721
2268 49.0 8.483 -16.069
2280 49.0 11.393 -19.129
2292 49.0 7.992 -17.273
2304 49.0 8.820 -17.504
2100 23.0 33.277 -18.494
2112 23.0 32.824 -18.833
2124 23.0 32.626 -18.833
2136 23.0 32.116 -18.749
2148 23.0 31.493 -18.550
2160 23.0 30.757 -18.380
2172 23.0 30.134 -18.210
2184 23.0 29.539 -18.040
2196 23.0 30.065 -17.692
2208 23.0 29.731 -17.755
2220 23.0 30.207 -17.693
2232 23.0 30.246 -17.347
2244 23.0 29.911 -17.737
2256 23.0 28.470 -17.014
2268 23.0 28.028 -16.733
2280 23.0 27.634 -16.347
2292 23.0 27.108 -16.040
2304 23.0 28.187 -16.210
2316 23.0 28.133 -16.275
2328 23.0 26.359 -15.513
2112 22.0 20.504 -15.831
2124 22.0 20.844 -15.831
2136 22.0 21.127 -15.831
2148 22.0 21.467 -15.831
2160 22.0 21.751 -15.945
2172 22.0 22.090 -16.001
2184 22.0 22.487 -16.115
2196 22.0 22.798 -16.171
2208 22.0 23.267 -16.257
2220 22.0 23.319 -16.135
2232 22.0 23.911 -16.767
2244 22.0 24.802 -16.562
2256 22.0 25.516 -16.751
2268 22.0 24.329 -16.282
2280 22.0 24.704 -16.551
2292 22.0 24.793 -16.515
2304 22.0 24.878 -16.167
2316 22.0 24.257 -16.276
2328 22.0 24.570 -15.907
2340 22.0 24.794 -15.719
2160 27.0 21.467 -17.247
2172 27.0 21.864 -17.247
2184 27.0 22.260 -17.247
2196 27.0 22.600 -17.247
2208 27.0 22.997 -17.247
2220 27.0 23.421 -17.361
2232 27.0 23.733 -17.361
2244 27.0 24.016 -17.417
2256 27.0 24.284 -18.014
2268 27.0 24.081 -17.286
2280 27.0 24.758 -17.420
2292 27.0 24.612 -17.522
2304 27.0 23.828 -17.256
2316 27.0 23.991 -17.116
2328 27.0 24.455 -17.269
2340 27.0 24.213 -17.279
2352 27.0 24.588 -17.097
2364 27.0 24.132 -17.271
2376 27.0 24.443 -17.281
2388 27.0 24.707 -16.770
2160 40.0 20.136 -16.200
2172 40.0 20.589 -16.256
2184 40.0 20.986 -16.370
2196 40.0 21.297 -16.370
2208 40.0 21.722 -16.455
2220 40.0 22.119 -16.539
2232 40.0 22.430 -16.653
2244 40.0 22.855 -16.653
2256 40.0 22.647 -16.857
2268 40.0 22.789 -16.443
2280 40.0 22.619 -17.092
2292 40.0 22.705 -16.688
2304 40.0 23.497 -17.372
2316 40.0 24.384 -17.336
2328 40.0 22.936 -17.131
2340 40.0 23.507 -16.924
2352 40.0 23.655 -17.332
2364 40.0 23.513 -17.146
2376 40.0 23.601 -17.539
2388 40.0 24.461 -18.082
2316 31.0 25.376 -17.021
2328 31.0 25.800 -17.191
2340 31.0 26.197 -17.304
2352 31.0 26.622 -17.474
2364 31.0 27.047 -17.644
2376 31.0 27.443 -17.814
2388 31.0 27.981 -17.814
2400 31.0 28.604 -17.729
2412 31.0 28.455 -17.980
2424 31.0 28.866 -18.536
2436 31.0 28.254 -18.250
2448 31.0 28.981 -18.521
2460 31.0 29.082 -18.370
2472 31.0 29.748 -18.746
2484 31.0 30.441 -19.722
2496 31.0 30.498 -19.587
2508 31.0 29.759 -19.155
2520 31.0 29.984 -19.540
2532 31.0 30.941 -19.715
2544 31.0 31.752 -20.081
2340 24.0 22.487 -17.956
2352 24.0 21.977 -17.871
2364 24.0 21.354 -17.871
2376 24.0 20.731 -17.871
2388 24.0 19.995 -17.871
2400 24.0 19.372 -17.871
2412 24.0 18.749 -17.871
2424 24.0 18.125 -17.871
2436 24.0 18.842 -17.726
2448 24.0 18.570 -17.917
2460 24.0 18.056 -17.465
2472 24.0 18.071 -16.932
2484 24.0 17.800 -16.549
2496 24.0 16.670 -16.502
2508 24.0 16.082 -16.919
2520 24.0 16.724 -17.521
2532 24.0 16.967 -16.979
2544 24.0 15.380 -16.627
2556 24.0 16.422 -16.797
2568 24.0 16.168 -16.074
2568 11.0 5.919 -21.212
2580 11.0 6.457 -20.788
2592 11.0 7.080 -20.419
2604 11.0 7.703 -20.080
2616 11.0 8.298 -19.711
2628 11.0 8.836 -19.372
2640 11.0 9.233 -19.032
2652 11.0 9.629 -18.664
2664 11.0 8.391 -18.784
2676 11.0 8.005 -19.335
2688 11.0 8.889 -18.530
2700 11.0 8.861 -18.910
2712 11.0 8.107 -18.822
2724 11.0 8.531 -18.712
2736 11.0 8.576 -18.286
2748 11.0 7.999 -18.062
2760 11.0 8.552 -17.846
2772 11.0 8.401 -17.921
2784 11.0 8.303 -18.315
2796 11.0 8.750 -18.284
2808 12.0 17.389 -17.502
2820 12.0 18.125 -17.502
2832 12.0 18.749 -17.616
2844 12.0 19.372 -17.616
2856 12.0 20.108 -17.616
2868 12.0 20.731 -17.672
2880 12.0 21.354 -17.672
2892 12.0 21.977 -17.786
2904 12.0 21.315 -18.004
2916 12.0 21.135 -17.694
2928 12.0 19.730 -17.230
2940 12.0 21.456 -18.025
2952 12.0 22.714 -17.975
2964 12.0 21.314 -17.679
2976 12.0 21.622 -17.817
2988 12.0 22.035 -17.875
3000 12.0 21.441 -17.725
3012 12.0 22.021 -17.547
3024 12.0 21.990 -17.691
3036 12.0 21.492 -17.545
2868 13.0 -9.544 -15.010
2880 13.0 -10.281 -14.812
2892 13.0 -10.790 -14.642
2904 13.0 -11.413 -14.472
2916 13.0 -11.923 -14.302
2928 13.0 -12.461 -14.302
2940 13.0 -12.886 -14.302
2952 13.0 -13.396 -14.302
2964 13.0 -12.868 -13.714
2976 13.0 -14.005 -13.206
2988 13.0 -14.712 -12.901
3000 13.0 -13.696 -13.158
3012 13.0 -14.708 -12.830
3024 13.0 -14.541 -12.891
3036 13.0 -15.809 -12.117
3048 13.0 -16.094 -11.763
3060 13.0 -15.873 -12.062
3072 13.0 -17.202 -11.509
3084 13.0 -15.888 -11.813
3096 13.0 -13.005 -14.090
4296 41.0 31.918 10.479
4308 41.0 31.918 9.856
4320 41.0 31.918 9.233
4332 41.0 31.918 8.610
4344 41.0 31.918 7.987
4356 41.0 31.918 7.363
4368 41.0 31.918 6.740
4380 41.0 31.804 5.891
4392 41.0 31.801 6.100
4404 41.0 31.800 6.283
4416 41.0 31.811 5.571
4428 41.0 31.519 5.093
4440 41.0 31.546 4.552
4452 41.0 31.356 4.631
4464 41.0 31.399 4.476
4476 41.0 31.306 3.737
4488 41.0 31.367 3.483
4500 41.0 31.127 3.508
4512 41.0 31.152 4.207
4524 41.0 30.912 3.263
4344 6.0 33.362 -11.923
4356 6.0 33.362 -11.555
4368 6.0 33.362 -11.187
4380 6.0 33.362 -10.847
4392 6.0 33.419 -10.507
4404 6.0 33.419 -10.224
4416 6.0 33.419 -9.941
4428 6.0 33.305 -9.488
4440 6.0 33.314 -9.536
4452 6.0 33.288 -9.523
4464 6.0 33.358 -9.209
4476 6.0 33.387 -8.558
4488 6.0 33.286 -7.737
4500 6.0 33.263 -8.088
4512 6.0 33.386 -6.935
4524 6.0 33.682 -6.938
4536 6.0 33.903 -6.624
4548 6.0 33.836 -6.603
4560 6.0 33.936 -4.980
4572 6.0 33.764 -6.455
4536 42.0 32.258 -2.804
4548 42.0 32.258 -3.427
4560 42.0 32.059 -4.333
4572 42.0 32.484 -4.673
4584 42.0 32.258 -5.126
4596 42.0 31.748 -5.749
4608 42.0 31.635 -6.401
4620 42.0 31.748 -6.797
4632 42.0 31.897 -7.215
4644 42.0 32.160 -6.733
4656 42.0 32.291 -7.256
4668 42.0 32.153 -7.314
4680 42.0 32.330 -8.551
4692 42.0 32.320 -7.793
4704 42.0 32.338 -8.733
4716 42.0 32.206 -10.158
4728 42.0 32.620 -10.374
4740 42.0 32.400 -9.135
4752 42.0 32.199 -9.945
4764 42.0 32.712 -10.762
4584 7.0 32.682 -7.052
4596 7.0 32.682 -7.052
4608 7.0 32.796 -7.137
4620 7.0 32.796 -7.250
4632 7.0 32.881 -7.307
4644 7.0 32.881 -7.647
4656 7.0 32.881 -7.930
4668 7.0 32.881 -8.100
4680 7.0 32.885 -8.078
4692 7.0 32.696 -8.422
4704 7.0 32.849 -9.149
4716 7.0 32.624 -9.589
4728 7.0 32.805 -9.460
4740 7.0 32.777 -9.829
4752 7.0 32.967 -10.330
4764 7.0 32.796 -10.456
4776 7.0 33.208 -11.398
4788 7.0 32.958 -10.968
4800 7.0 32.835 -11.782
4812 7.0 32.939 -12.822
4596 16.0 32.824 -18.494
4608 16.0 32.201 -18.324
4620 16.0 31.804 -18.210
4632 16.0 31.380 -18.125
4644 16.0 30.983 -17.956
4656 16.0 30.360 -17.956
4668 16.0 29.935 -17.871
4680 16.0 29.822 -17.871
4692 16.0 29.551 -17.891
4704 16.0 29.143 -16.833
4716 16.0 27.969 -16.300
4728 16.0 28.523 -16.345
4740 16.0 26.995 -15.643
4752 16.0 26.845 -15.258
4764 16.0 26.468 -15.132
4776 16.0 26.534 -15.485
4788 16.0 26.640 -15.310
4800 16.0 26.956 -14.989
4812 16.0 25.567 -14.808
4824 16.0 25.774 -14.949
4776 43.0 31.861 -11.753
4788 43.0 31.804 -12.036
4800 43.0 31.804 -12.291
4812 43.0 31.918 -12.575
4824 43.0 31.974 -12.886
4836 43.0 31.635 -13.226
4848 43.0 31.635 -13.934
4860 43.0 31.635 -14.302
4872 43.0 31.647 -14.445
4884 43.0 31.563 -15.127
4896 43.0 31.529 -15.658
4908 43.0 31.793 -15.253
4920 43.0 31.823 -15.910
4932 43.0 31.550 -16.244
4944 43.0 31.416 -17.263
4956 43.0 31.574 -17.093
4968 43.0 31.507 -18.625
4980 43.0 31.634 -18.881
4992 43.0 31.862 -20.580
5004 43.0 31.709 -18.281
4824 8.0 32.796 -12.631
4836 8.0 32.796 -12.971
4848 8.0 32.796 -13.764
4860 8.0 32.796 -13.934
4872 8.0 32.796 -14.104
4884 8.0 32.682 -14.274
4896 8.0 32.682 -14.840
4908 8.0 32.428 -15.350
4920 8.0 32.746 -15.249
4932 8.0 32.900 -15.697
4944 8.0 32.799 -16.170
4956 8.0 33.117 -16.639
4968 8.0 32.936 -16.835
4980 8.0 32.895 -17.491
4992 8.0 32.676 -18.641
5004 8.0 32.802 -18.188
5016 8.0 32.839 -18.593
5028 8.0 32.756 -19.815
5040 8.0 32.854 -19.077
5052 8.0 32.741 -20.581
4836 17.0 22.912 -17.417
4848 17.0 22.600 -17.531
4860 17.0 22.289 -17.531
4872 17.0 21.354 -17.531
4884 17.0 20.618 -17.531
4896 17.0 20.306 -17.531
4908 17.0 19.683 -17.417
4920 17.0 19.060 -17.417
4932 17.0 19.194 -16.529
4944 17.0 18.316 -16.601
4956 17.0 17.995 -16.367
4968 17.0 18.247 -16.122
4980 17.0 18.134 -16.029
4992 17.0 17.431 -15.188
5004 17.0 16.798 -15.455
5016 17.0 15.338 -14.597
5028 17.0 17.171 -15.224
5040 17.0 17.480 -15.326
5052 17.0 14.688 -14.029
5064 17.0 18.226 -15.925
4944 4.0 32.937 -17.644
4956 4.0 32.428 -17.814
4968 4.0 32.031 -17.814
4980 4.0 31.918 -17.814
4992 4.0 31.295 -17.814
5004 4.0 30.672 -17.842
5016 4.0 30.190 -17.729
5028 4.0 29.680 -17.644
5040 4.0 30.035 -17.737
5052 4.0 30.213 -17.615
5064 4.0 30.304 -17.480
5076 4.0 30.342 -17.989
5088 4.0 30.790 -16.835
5100 4.0 30.385 -17.605
5112 4.0 29.647 -16.728
5124 4.0 29.926 -16.523
5136 4.0 28.577 -16.817
5148 4.0 29.746 -17.402
5160 4.0 28.492 -16.989
5172 4.0 27.351 -16.519
4944 32.0 32.739 -18.437
4956 32.0 32.229 -18.437
4968 32.0 31.493 -18.607
4980 32.0 30.870 -18.352
4992 32.0 30.558 -18.267
5004 32.0 30.303 -18.324
5016 32.0 29.935 -18.324
5028 32.0 29.624 -18.352
5040 32.0 30.394 -17.798
5052 32.0 29.294 -17.157
5064 32.0 28.621 -16.745
5076 32.0 27.902 -16.323
5088 32.0 28.079 -16.257
5100 32.0 27.711 -16.338
5112 32.0 26.682 -15.532
5124 32.0 26.359 -15.647
5136 32.0 28.980 -17.715
5148 32.0 27.475 -15.708
5160 32.0 28.442 -17.103
5172 32.0 26.797 -14.844
5016 44.0 31.181 -16.511
5028 44.0 31.238 -16.483
5040 44.0 31.351 -16.455
5052 44.0 31.351 -16.455
5064 44.0 31.408 -16.455
5076 44.0 31.408 -16.426
5088 44.0 31.181 -16.455
5100 44.0 30.785 -16.539
5112 44.0 30.972 -16.551
5124 44.0 30.924 -16.383
5136 44.0 30.871 -16.340
5148 44.0 30.907 -16.483
5160 44.0 30.929 -16.310
5172 44.0 31.008 -16.282
5184 44.0 31.070 -16.288
5196 44.0 31.047 -16.267
5208 44.0 31.086 -16.223
5220 44.0 31.147 -16.206
5232 44.0 31.162 -16.129
5244 44.0 31.082 -15.926
5064 9.0 31.550 -17.332
5076 9.0 31.436 -17.389
5088 9.0 31.351 -17.502
5100 9.0 31.238 -17.559
5112 9.0 31.125 -17.701
5124 9.0 30.615 -17.729
5136 9.0 30.162 -17.814
5148 9.0 29.680 -17.899
5160 9.0 30.197 -17.711
5172 9.0 29.785 -17.463
5184 9.0 30.106 -17.688
5196 9.0 29.616 -17.414
5208 9.0 29.429 -17.235
5220 9.0 29.746 -17.566
5232 9.0 29.369 -16.989
5244 9.0 29.508 -17.491
5256 9.0 29.420 -17.045
5268 9.0 29.164 -17.274
5280 9.0 28.583 -17.346
5292 9.0 28.213 -17.239
5184 5.0 23.421 -16.539
5196 5.0 22.940 -16.539
5208 5.0 22.487 -16.539
5220 5.0 22.062 -16.511
5232 5.0 21.382 -16.455
5244 5.0 20.929 -16.455
5256 5.0 20.731 -16.539
5268 5.0 20.193 -16.455
5280 5.0 20.429 -16.451
5292 5.0 19.490 -16.247
5304 5.0 20.597 -16.028
5316 5.0 19.196 -15.506
5328 5.0 18.562 -14.700
5340 5.0 18.647 -15.855
5352 5.0 18.847 -15.475
5364 5.0 19.253 -15.441
5376 5.0 17.899 -15.975
5388 5.0 17.992 -15.210
5400 5.0 18.411 -16.182
5412 5.0 17.866 -15.326
5184 33.0 23.053 -17.644
5196 33.0 22.628 -17.559
5208 33.0 22.119 -17.474
5220 33.0 21.779 -17.446
5232 33.0 21.326 -17.219
5244 33.0 20.816 -17.219
5256 33.0 20.306 -17.219
5268 33.0 19.796 -17.219
5280 33.0 20.115 -17.096
5292 33.0 19.180 -16.764
5304 33.0 19.622 -17.128
5316 33.0 19.169 -17.003
5328 33.0 18.145 -17.056
5340 33.0 16.946 -16.226
5352 33.0 18.064 -15.645
5364 33.0 17.603 -15.396
5376 33.0 16.121 -15.429
5388 33.0 16.477 -14.553
5400 33.0 17.492 -15.817
5412 33.0 14.291 -14.205
5232 55.0 7.194 -19.428
5244 55.0 7.732 -19.145
5256 55.0 8.156 -18.975
5268 55.0 8.553 -18.692
5280 55.0 8.949 -18.437
5292 55.0 9.516 -18.182
5304 55.0 10.026 -18.012
5316 55.0 10.649 -17.899
5328 55.0 10.275 -18.471
5340 55.0 9.672 -18.920
5352 55.0 10.016 -19.038
5364 55.0 9.988 -19.008
5376 55.0 9.699 -19.227
5388 55.0 10.446 -19.450
5400 55.0 10.070 -19.005
5412 55.0 9.775 -18.709
5424 55.0 9.844 -19.263
5436 55.0 10.220 -19.109
5448 55.0 10.892 -19.381
5460 55.0 11.259 -18.977
5256 45.0 25.404 -17.247
5268 45.0 24.866 -17.163
5280 45.0 24.328 -17.163
5292 45.0 23.818 -17.163
5304 45.0 23.421 -17.049
5316 45.0 22.912 -17.049
5328 45.0 22.487 -16.993
5340 45.0 22.062 -16.879
5352 45.0 21.979 -16.997
5364 45.0 21.919 -17.086
5376 45.0 21.706 -17.001
5388 45.0 22.213 -17.172
5400 45.0 21.951 -16.845
5412 45.0 21.201 -16.527
5424 45.0 20.177 -16.047
5436 45.0 20.613 -16.095
5448 45.0 20.018 -15.788
5460 45.0 19.453 -16.339
5472 45.0 18.502 -15.045
5484 45.0 18.604 -15.856
5304 10.0 23.535 -18.069
5316 10.0 22.912 -18.069
5328 10.0 22.289 -18.069
5340 10.0 21.949 -18.125
5352 10.0 21.552 -18.125
5364 10.0 21.156 -18.125
5376 10.0 20.816 -18.125
5388 10.0 20.306 -18.069
5400 10.0 19.943 -17.914
5412 10.0 20.511 -17.548
5424 10.0 20.409 -17.387
5436 10.0 20.476 -17.694
5448 10.0 19.691 -17.369
5460 10.0 18.453 -17.269
5472 10.0 19.264 -17.990
5484 10.0 19.455 -17.494
5496 10.0 17.984 -16.332
5508 10.0 18.247 -17.754
5520 10.0 16.998 -16.209
5532 10.0 16.684 -16.574
5472 56.0 17.163 -18.069
5484 56.0 17.672 -18.069
5496 56.0 18.069 -18.069
5508 56.0 18.550 -18.069
5520 56.0 19.088 -18.040
5532 56.0 19.485 -17.956
5544 56.0 19.995 -17.927
5556 56.0 20.476 -17.871
5568 56.0 19.930 -18.378
5580 56.0 20.184 -18.413
5592 56.0 19.805 -18.487
5604 56.0 20.569 -18.553
5616 56.0 20.381 -18.678
5628 56.0 20.685 -18.930
5640 56.0 20.956 -18.569
5652 56.0 20.815 -18.415
5664 56.0 21.075 -18.392
5676 56.0 21.021 -18.716
5688 56.0 21.631 -18.783
5700 56.0 20.752 -18.219
5496 46.0 15.237 -16.455
5508 46.0 14.812 -16.539
5520 46.0 14.444 -16.624
5532 46.0 13.934 -16.624
5544 46.0 13.424 -16.624
5556 46.0 12.914 -16.624
5568 46.0 12.405 -16.624
5580 46.0 11.951 -16.624
5592 46.0 12.491 -16.875
5604 46.0 12.536 -17.116
5616 46.0 10.849 -16.635
5628 46.0 10.725 -16.125
5640 46.0 10.731 -16.237
5652 46.0 11.476 -16.568
5664 46.0 12.110 -17.077
5676 46.0 12.745 -17.628
5688 46.0 9.973 -15.095
5700 46.0 10.798 -17.393
5712 46.0 10.645 -16.800
5724 46.0 7.466 -14.590
5712 57.0 26.622 -16.709
5724 57.0 27.245 -16.709
5736 57.0 27.755 -16.709
5748 57.0 28.293 -16.709
5760 57.0 28.916 -16.709
5772 57.0 29.312 -16.709
5784 57.0 29.737 -16.709
5796 57.0 30.134 -16.709
5808 57.0 31.080 -17.004
5820 57.0 30.048 -17.057
5832 57.0 30.329 -17.006
5844 57.0 30.925 -16.670
5856 57.0 30.419 -17.362
5868 57.0 31.089 -17.387
5880 57.0 30.686 -17.114
5892 57.0 30.703 -17.357
5904 57.0 30.605 -17.270
5916 57.0 31.048 -16.773
5928 57.0 30.907 -16.788
5940 57.0 31.420 -16.760
5760 50.0 24.724 1.982
5772 50.0 24.866 1.784
5784 50.0 25.064 1.784
5796 50.0 25.631 1.982
5808 50.0 26.254 1.982
5820 50.0 26.820 1.982
5832 50.0 27.358 1.982
5844 50.0 27.981 1.982
5856 50.0 26.944 1.772
5868 50.0 27.359 2.139
5880 50.0 27.266 1.961
5892 50.0 27.211 1.784
5904 50.0 27.111 2.357
5916 50.0 27.188 2.186
5928 50.0 27.669 2.372
5940 50.0 27.290 1.812
5952 50.0 27.244 1.922
5964 50.0 27.796 1.898
5976 50.0 27.928 1.936
5988 50.0 28.479 2.160
6156 51.0 32.428 -19.287
6168 51.0 31.918 -19.117
6180 51.0 31.493 -18.833
6192 51.0 30.955 -18.664
6204 51.0 30.558 -18.380
6216 51.0 30.162 -18.324
6228 51.0 29.624 -18.324
6240 51.0 29.114 -18.324
6252 51.0 29.228 -18.025
6264 51.0 29.076 -17.667
6276 51.0 28.085 -17.294
6288 51.0 27.722 -17.166
6300 51.0 26.613 -16.443
6312 51.0 26.959 -16.269
6324 51.0 27.101 -16.271
6336 51.0 26.160 -15.357
6348 51.0 26.026 -15.553
6360 51.0 25.321 -15.738
6372 51.0 26.309 -16.297
6384 51.0 27.177 -16.950
6156 53.0 32.994 -18.720
6168 53.0 32.456 -18.437
6180 53.0 31.946 -18.182
6192 53.0 31.436 -17.927
6204 53.0 30.813 -17.927
6216 53.0 30.303 -17.814
6228 53.0 29.680 -17.814
6240 53.0 29.284 -17.814
6252 53.0 29.360 -17.322
6264 53.0 28.988 -16.449
6276 53.0 28.145 -16.192
6288 53.0 27.670 -15.964
6300 53.0 26.658 -15.435
6312 53.0 28.197 -15.663
6324 53.0 25.664 -14.809
6336 53.0 26.965 -15.609
6348 53.0 27.384 -15.900
6360 53.0 25.219 -14.765
6372 53.0 27.095 -15.678
6384 53.0 25.891 -15.021
6396 54.0 22.657 -17.729
6408 54.0 22.119 -17.644
6420 54.0 21.609 -17.474
6432 54.0 21.071 -17.474
6444 54.0 20.561 -17.474
6456 54.0 20.051 -17.389
6468 54.0 19.541 -17.389
6480 54.0 19.032 -17.304
6492 54.0 18.990 -16.820
6504 54.0 19.138 -17.088
6516 54.0 17.746 -16.350
6528 54.0 19.019 -16.897
6540 54.0 17.492 -16.373
6552 54.0 17.100 -16.395
6564 54.0 17.169 -17.140
6576 54.0 16.154 -16.033
6588 54.0 16.689 -17.356
6600 54.0 18.324 -17.564
6612 54.0 16.821 -15.869
6624 54.0 17.017 -16.987
8028 52.0 25.631 -8.949
8040 52.0 26.140 -9.063
8052 52.0 26.678 -9.233
8064 52.0 27.103 -9.403
8076 52.0 27.613 -9.572
8088 52.0 28.123 -9.742
8100 52.0 28.633 -9.856
8112 52.0 29.142 -10.026
8124 52.0 28.990 -9.971
8136 52.0 28.601 -9.977
8148 52.0 29.559 -10.216
8160 52.0 29.191 -9.849
8172 52.0 29.339 -10.563
8184 52.0 29.938 -10.777
8196 52.0 30.895 -10.737
8208 52.0 31.943 -11.834
8220 52.0 30.689 -10.643
8232 52.0 31.845 -11.251
8244 52.0 30.051 -10.816
8256 52.0 31.983 -11.190
8040 58.0 33.362 -15.180
8052 58.0 33.136 -14.274
8064 58.0 33.051 -13.254
8076 58.0 33.051 -12.744
8088 58.0 33.051 -12.575
8100 58.0 33.051 -12.405
8112 58.0 32.937 -12.121
8124 58.0 32.937 -11.612
8136 58.0 33.259 -10.273
8148 58.0 32.879 -10.012
8160 58.0 33.018 -9.889
8172 58.0 33.245 -9.375
8184 58.0 32.955 -8.535
8196 58.0 32.995 -7.514
8208 58.0 32.766 -9.223
8220 58.0 32.888 -5.375
8232 58.0 33.337 -3.098
8244 58.0 33.390 -7.699
8256 58.0 32.901 -7.990
8268 58.0 33.079 -2.110
8280 59.0 32.003 -4.531
8292 59.0 32.003 -4.022
8304 59.0 32.003 -3.455
8316 59.0 32.003 -2.860
8328 59.0 32.116 -2.266
8340 59.0 32.116 -1.643
8352 59.0 32.116 -1.076
8364 59.0 32.116 -0.566
8376 59.0 31.862 -1.572
8388 59.0 31.656 -1.972
8400 59.0 31.622 -1.300
8412 59.0 31.650 -0.991
8424 59.0 31.654 -0.707
8436 59.0 31.631 0.065
8448 59.0 31.498 -0.605
8460 59.0 31.802 1.094
8472 59.0 31.407 1.137
8484 59.0 31.533 1.656
8496 59.0 31.802 4.395
8508 59.0 31.497 2.709
9252 60.0 5.296 -21.581
9264 60.0 4.843 -21.467
9276 60.0 5.353 -21.043
9288 60.0 5.862 -20.618
9300 60.0 6.372 -20.250
9312 60.0 6.995 -19.825
9324 60.0 7.420 -19.428
9336 60.0 7.845 -19.032
9348 60.0 7.303 -19.151
9360 60.0 6.901 -20.045
9372 60.0 6.951 -19.586
9384 60.0 7.053 -19.118
9396 60.0 7.492 -18.624
9408 60.0 7.598 -18.978
9420 60.0 7.009 -19.064
9432 60.0 7.112 -18.872
9444 60.0 7.307 -18.881
9456 60.0 7.186 -19.572
9468 60.0 7.156 -18.877
9480 60.0 6.761 -19.334
9492 61.0 16.341 -16.709
9504 61.0 17.049 -16.766
9516 61.0 17.757 -16.766
9528 61.0 18.437 -16.794
9540 61.0 19.230 -16.851
9552 61.0 19.881 -16.823
9564 61.0 20.674 -16.851
9576 61.0 21.411 -16.908
9588 61.0 20.534 -16.420
9600 61.0 19.868 -16.807
9612 61.0 19.331 -16.896
9624 61.0 20.530 -16.767
9636 61.0 20.230 -16.888
9648 61.0 20.244 -17.563
9660 61.0 20.171 -17.170
9672 61.0 21.065 -16.813
9684 61.0 20.604 -17.449
9696 61.0 21.555 -17.406
9708 61.0 20.652 -17.527
9720 61.0 21.314 -17.969
