0 1.0 16.085 13.733
12 1.0 15.567 13.889
24 1.0 15.082 14.027
36 1.0 14.563 14.166
48 1.0 14.079 14.304
60 1.0 13.595 14.442
72 1.0 13.111 14.581
84 1.0 12.782 14.719
96 1.0 12.480 14.712
108 1.0 12.669 15.076
120 1.0 11.913 14.957
132 1.0 11.204 15.422
144 1.0 11.354 15.819
156 1.0 10.626 16.163
168 1.0 10.738 16.556
180 1.0 9.960 16.609
192 1.0 9.785 17.096
204 1.0 10.551 16.760
216 1.0 9.710 16.723
228 1.0 8.574 17.652
0 5.0 -18.455 11.364
12 5.0 -17.953 11.364
24 5.0 -17.435 11.364
36 5.0 -16.916 11.364
48 5.0 -16.397 11.364
60 5.0 -15.878 11.364
72 5.0 -15.359 11.364
84 5.0 -14.979 11.364
96 5.0 -16.263 11.206
108 5.0 -14.960 10.220
120 5.0 -14.620 10.577
132 5.0 -15.504 10.999
144 5.0 -14.831 10.280
156 5.0 -15.892 10.574
168 5.0 -14.647 10.659
180 5.0 -14.639 9.992
192 5.0 -13.914 9.710
204 5.0 -13.013 8.738
216 5.0 -12.458 8.965
228 5.0 -14.545 9.600
0 7.0 -19.977 -5.275
12 7.0 -19.839 -5.552
24 7.0 -19.718 -5.690
36 7.0 -19.597 -5.967
48 7.0 -19.458 -6.106
60 7.0 -19.130 -6.106
72 7.0 -18.732 -6.106
84 7.0 -18.490 -6.244
96 7.0 -18.173 -6.052
108 7.0 -17.510 -6.629
120 7.0 -17.188 -6.747
132 7.0 -16.518 -7.407
144 7.0 -16.227 -7.837
156 7.0 -15.949 -7.969
168 7.0 -14.938 -8.684
180 7.0 -14.909 -8.207
192 7.0 -14.261 -8.927
204 7.0 -14.813 -8.499
216 7.0 -15.387 -8.395
228 7.0 -14.457 -9.147
0 10.0 16.501 -0.017
12 10.0 16.501 -0.017
24 10.0 16.501 -0.017
36 10.0 16.501 -0.017
48 10.0 16.501 -0.017
60 10.0 16.501 -0.017
72 10.0 16.501 -0.017
84 10.0 16.501 -0.017
96 10.0 16.531 -0.001
108 10.0 16.609 0.040
120 10.0 16.582 0.068
132 10.0 16.585 0.021
144 10.0 16.503 -0.002
156 10.0 16.539 -0.080
168 10.0 16.580 -0.119
180 10.0 16.608 -0.125
192 10.0 16.498 -0.121
204 10.0 16.554 -0.079
216 10.0 16.521 -0.044
228 10.0 16.519 -0.047
0 12.0 6.002 10.533
12 12.0 6.382 10.257
24 12.0 6.832 10.118
36 12.0 7.299 9.963
48 12.0 7.766 9.824
60 12.0 8.147 9.547
72 12.0 8.596 9.409
84 12.0 9.046 9.271
96 12.0 8.079 9.294
108 12.0 9.188 9.284
120 12.0 9.254 8.415
132 12.0 9.720 8.582
144 12.0 9.595 8.681
156 12.0 10.120 8.594
168 12.0 11.570 7.705
180 12.0 11.385 7.896
192 12.0 12.392 7.362
204 12.0 11.998 7.421
216 12.0 12.605 7.505
228 12.0 13.812 6.536
108 3.0 -21.638 44.157
120 3.0 -21.361 43.742
132 3.0 -20.980 43.586
144 3.0 -20.600 43.448
156 3.0 -20.202 43.310
168 3.0 -19.804 43.171
180 3.0 -19.424 43.033
192 3.0 -19.043 43.033
204 3.0 -19.211 43.040
216 3.0 -18.153 42.989
228 3.0 -18.446 42.760
240 3.0 -18.089 42.556
252 3.0 -17.600 42.165
264 3.0 -17.932 41.782
276 3.0 -18.669 42.155
288 3.0 -17.109 41.847
300 3.0 -16.647 41.724
312 3.0 -17.189 42.273
324 3.0 -15.951 41.649
336 3.0 -15.421 40.940
240 2.0 6.555 15.982
252 2.0 6.036 15.982
264 2.0 5.517 16.120
276 2.0 5.050 16.258
288 2.0 4.532 16.258
300 2.0 4.220 16.397
312 2.0 3.892 16.674
324 2.0 3.632 16.812
336 2.0 3.486 16.654
348 2.0 3.789 17.053
360 2.0 3.127 17.330
372 2.0 2.990 17.082
384 2.0 2.499 17.615
396 2.0 1.181 18.485
408 2.0 1.595 18.159
420 2.0 1.812 17.601
432 2.0 0.435 18.889
444 2.0 -0.419 19.264
456 2.0 0.283 18.527
468 2.0 0.824 17.995
240 6.0 -10.343 11.848
252 6.0 -10.049 11.848
264 6.0 -9.686 11.848
276 6.0 -9.409 11.848
288 6.0 -9.046 11.848
300 6.0 -8.683 11.917
312 6.0 -7.956 11.917
324 6.0 -7.645 11.917
336 6.0 -8.004 12.073
348 6.0 -7.930 12.092
360 6.0 -8.069 11.869
372 6.0 -7.542 12.040
384 6.0 -7.034 11.887
396 6.0 -6.688 11.882
408 6.0 -7.174 11.638
420 6.0 -6.996 12.016
432 6.0 -6.836 11.755
444 6.0 -6.472 11.701
456 6.0 -6.254 11.627
468 6.0 -6.086 11.788
240 8.0 -18.282 -6.659
252 8.0 -18.282 -6.659
264 8.0 -18.282 -6.659
276 8.0 -18.282 -6.659
288 8.0 -18.282 -6.659
300 8.0 -18.282 -6.659
312 8.0 -18.282 -6.659
324 8.0 -18.282 -6.659
336 8.0 -18.264 -6.727
348 8.0 -18.296 -6.757
360 8.0 -18.308 -6.780
372 8.0 -18.262 -6.748
384 8.0 -18.283 -6.752
396 8.0 -18.311 -6.721
408 8.0 -18.299 -6.768
420 8.0 -18.251 -6.740
432 8.0 -18.227 -6.719
444 8.0 -18.217 -6.710
456 8.0 -18.197 -6.655
468 8.0 -18.127 -6.630
240 11.0 16.501 -0.017
252 11.0 16.501 -0.017
264 11.0 16.501 -0.017
276 11.0 16.501 -0.017
288 11.0 16.501 -0.017
300 11.0 16.501 -0.017
312 11.0 16.501 -0.017
324 11.0 16.501 -0.017
336 11.0 16.533 0.011
348 11.0 16.551 -0.025
360 11.0 16.546 0.004
372 11.0 16.475 -0.013
384 11.0 16.482 -0.026
396 11.0 16.440 -0.000
408 11.0 16.442 -0.013
420 11.0 16.478 -0.049
432 11.0 16.436 -0.077
444 11.0 16.464 -0.101
456 11.0 16.407 -0.115
468 11.0 16.457 -0.040
324 9.0 20.167 41.494
336 9.0 19.787 41.494
348 9.0 19.337 41.494
360 9.0 18.939 41.494
372 9.0 18.542 41.078
384 9.0 18.161 40.802
396 9.0 17.902 40.231
408 9.0 17.573 39.747
420 9.0 17.569 41.181
432 9.0 18.549 40.675
444 9.0 17.744 41.012
456 9.0 17.980 41.031
468 9.0 18.275 40.838
480 9.0 18.139 40.357
492 9.0 18.332 40.685
504 9.0 19.076 40.233
516 9.0 19.337 39.801
528 9.0 19.651 39.166
540 9.0 19.584 38.981
552 9.0 19.976 38.917
348 4.0 -14.131 41.217
360 4.0 -13.941 40.940
372 4.0 -13.750 40.663
384 4.0 -13.543 40.387
396 4.0 -13.543 39.816
408 4.0 -13.543 39.401
420 4.0 -13.543 38.968
432 4.0 -13.491 38.553
444 4.0 -13.422 38.340
456 4.0 -13.190 38.108
468 4.0 -13.408 37.932
480 4.0 -13.846 37.243
492 4.0 -13.358 36.832
504 4.0 -13.425 36.402
516 4.0 -13.073 35.662
528 4.0 -12.834 35.782
540 4.0 -13.111 35.327
552 4.0 -13.549 34.173
564 4.0 -13.039 34.204
576 4.0 -13.031 33.016
