0 129.0 13.101 5.980
12 129.0 12.359 5.980
24 129.0 11.631 5.980
36 129.0 10.903 5.980
48 129.0 10.161 5.980
60 129.0 9.476 6.094
72 129.0 8.691 6.094
84 129.0 7.906 6.094
96 129.0 8.233 7.352
108 129.0 8.319 7.476
120 129.0 8.799 6.763
132 129.0 7.367 7.726
144 129.0 7.094 7.983
156 129.0 5.705 8.491
168 129.0 6.249 8.504
180 129.0 7.326 7.319
192 129.0 5.771 8.795
204 129.0 4.466 8.738
216 129.0 1.326 11.757
228 129.0 2.546 11.118
0 112.0 -19.866 18.696
12 112.0 -19.866 18.696
24 112.0 -19.809 18.696
36 112.0 -19.766 18.696
48 112.0 -19.709 18.696
60 112.0 -19.652 18.696
72 112.0 -19.595 18.696
84 112.0 -19.595 18.696
96 112.0 -19.722 18.625
108 112.0 -19.746 18.686
120 112.0 -19.750 18.769
132 112.0 -19.780 18.714
144 112.0 -19.724 18.699
156 112.0 -19.716 18.654
168 112.0 -19.788 18.617
180 112.0 -19.738 18.617
192 112.0 -19.708 18.616
204 112.0 -19.801 18.505
216 112.0 -19.805 18.622
228 112.0 -19.831 18.570
60 141.0 -8.206 27.844
72 141.0 -8.649 27.844
84 141.0 -9.020 28.072
96 141.0 -9.376 28.415
108 141.0 -9.648 28.301
120 141.0 -9.862 27.958
132 141.0 -9.844 27.958
144 141.0 -9.823 27.957
156 141.0 -10.408 28.474
168 141.0 -10.627 28.769
180 141.0 -10.487 28.697
192 141.0 -10.766 28.675
204 141.0 -11.114 28.728
216 141.0 -11.862 29.535
228 141.0 -12.497 29.787
240 141.0 -12.466 29.774
252 141.0 -12.856 30.346
264 141.0 -13.716 30.831
276 141.0 -13.628 30.453
288 141.0 -13.311 30.776
60 117.0 -2.298 34.238
72 117.0 -2.412 34.609
84 117.0 -2.612 34.837
96 117.0 -2.840 34.837
108 117.0 -3.097 34.951
120 117.0 -3.297 34.951
132 117.0 -3.668 34.951
144 117.0 -4.196 34.837
156 117.0 -4.147 35.160
168 117.0 -5.088 35.686
180 117.0 -5.139 35.594
192 117.0 -5.269 35.753
204 117.0 -6.215 36.198
216 117.0 -6.216 36.441
228 117.0 -7.114 37.025
240 117.0 -7.318 37.087
252 117.0 -8.448 37.572
264 117.0 -9.453 38.145
276 117.0 -7.869 37.556
288 117.0 -9.349 38.258
108 131.0 16.312 7.293
120 131.0 15.670 6.836
132 131.0 15.042 6.836
144 131.0 14.414 6.836
156 131.0 13.786 6.836
168 131.0 13.201 6.836
180 131.0 12.573 6.836
192 131.0 11.945 6.722
204 131.0 12.671 7.238
216 131.0 11.352 7.914
228 131.0 11.936 8.101
240 131.0 11.840 8.094
252 131.0 12.006 7.928
264 131.0 11.488 8.221
276 131.0 10.282 9.523
288 131.0 11.123 8.727
300 131.0 10.410 7.450
312 131.0 10.910 7.245
324 131.0 12.208 6.481
336 131.0 14.186 4.761
240 130.0 -0.999 6.436
252 130.0 -1.727 6.436
264 130.0 -2.469 6.436
276 130.0 -3.197 6.436
288 130.0 -3.939 6.436
300 130.0 -4.667 6.436
312 130.0 -5.395 6.436
324 130.0 -6.194 6.436
336 130.0 -5.508 7.414
348 130.0 -6.304 6.853
360 130.0 -6.265 7.085
372 130.0 -5.544 5.545
384 130.0 -7.189 6.228
396 130.0 -7.469 7.447
408 130.0 -5.906 5.571
420 130.0 -7.161 8.110
432 130.0 -7.147 7.935
444 130.0 -6.350 6.003
456 130.0 -5.518 7.241
468 130.0 -6.906 7.991
240 113.0 -18.182 18.422
252 113.0 -18.239 18.433
264 113.0 -18.295 18.444
276 113.0 -18.352 18.456
288 113.0 -18.408 18.467
300 113.0 -18.465 18.478
312 113.0 -18.521 18.490
324 113.0 -18.578 18.501
336 113.0 -18.450 18.505
348 113.0 -18.562 18.587
360 113.0 -18.636 18.322
372 113.0 -18.592 18.364
384 113.0 -18.777 18.493
396 113.0 -18.803 18.471
408 113.0 -18.834 18.586
420 113.0 -18.876 18.695
432 113.0 -19.211 18.831
444 113.0 -19.433 18.832
456 113.0 -19.377 18.720
468 113.0 -19.657 18.727
300 142.0 -9.547 27.952
312 142.0 -9.526 27.952
324 142.0 -9.505 27.951
336 142.0 -9.483 27.951
348 142.0 -9.462 27.951
360 142.0 -9.441 27.950
372 142.0 -9.420 27.950
384 142.0 -9.399 27.949
396 142.0 -9.296 27.906
408 142.0 -9.343 27.951
420 142.0 -9.306 27.856
432 142.0 -9.326 27.881
444 142.0 -9.441 27.743
456 142.0 -9.431 27.631
468 142.0 -9.428 27.628
480 142.0 -9.331 27.643
492 142.0 -9.336 27.611
504 142.0 -9.278 27.767
516 142.0 -9.274 27.837
528 142.0 -9.295 27.949
300 118.0 -6.103 34.750
312 118.0 -5.914 34.754
324 118.0 -5.725 34.759
336 118.0 -5.537 34.764
348 118.0 -5.348 34.768
360 118.0 -5.159 34.772
372 118.0 -4.970 34.777
384 118.0 -4.782 34.782
396 118.0 -4.409 34.756
408 118.0 -5.161 35.056
420 118.0 -5.298 35.091
432 118.0 -5.116 34.736
444 118.0 -5.093 34.982
456 118.0 -4.770 34.751
468 118.0 -4.052 35.100
480 118.0 -3.627 34.899
492 118.0 -4.211 35.073
504 118.0 -3.958 35.380
516 118.0 -3.808 35.177
528 118.0 -3.973 35.009
348 132.0 3.825 6.494
360 132.0 3.197 6.494
372 132.0 2.512 6.494
384 132.0 1.827 6.379
396 132.0 1.156 6.379
408 132.0 0.471 6.379
420 132.0 -0.157 6.251
432 132.0 -0.842 6.251
444 132.0 0.281 6.748
456 132.0 -1.624 7.839
468 132.0 -1.653 7.470
480 132.0 -2.309 7.962
492 132.0 -2.270 6.337
504 132.0 -3.356 8.386
516 132.0 -2.519 7.636
528 132.0 -0.446 5.847
540 132.0 -1.773 7.708
552 132.0 -2.461 6.563
564 132.0 -2.514 5.816
576 132.0 0.268 3.947
528 139.0 -14.928 38.176
540 139.0 -15.313 38.348
552 139.0 -15.513 38.633
564 139.0 -15.456 38.633
576 139.0 -15.413 38.633
588 139.0 -15.356 38.633
600 139.0 -15.256 38.690
612 139.0 -15.313 38.690
624 139.0 -15.415 38.973
636 139.0 -15.622 39.011
648 139.0 -15.786 39.307
660 139.0 -16.437 39.694
672 139.0 -16.154 39.839
684 139.0 -16.292 40.311
696 139.0 -16.921 40.460
708 139.0 -17.139 40.550
720 139.0 -18.751 41.348
732 139.0 -17.494 40.942
744 139.0 -17.834 41.084
756 139.0 -18.089 41.389
768 140.0 -15.570 38.774
780 140.0 -15.570 38.776
792 140.0 -15.570 38.778
804 140.0 -15.570 38.780
816 140.0 -15.570 38.782
828 140.0 -15.570 38.784
840 140.0 -15.570 38.786
852 140.0 -15.570 38.788
864 140.0 -15.617 38.690
876 140.0 -15.604 38.713
888 140.0 -15.569 38.767
900 140.0 -15.555 38.791
912 140.0 -15.549 38.794
924 140.0 -15.560 38.802
936 140.0 -15.506 38.704
948 140.0 -15.582 38.699
960 140.0 -15.498 38.660
972 140.0 -15.493 38.771
984 140.0 -15.519 38.794
996 140.0 -15.481 38.813
1416 160.0 -15.913 18.753
1428 160.0 -16.484 18.753
1440 160.0 -17.055 18.753
1452 160.0 -17.640 18.753
1464 160.0 -18.196 18.810
1476 160.0 -18.767 18.810
1488 160.0 -19.338 18.810
1500 160.0 -19.809 18.810
1512 160.0 -19.643 19.025
1524 160.0 -19.033 18.328
1536 160.0 -18.549 17.890
1548 160.0 -18.561 18.598
1560 160.0 -19.454 18.943
1572 160.0 -20.690 19.111
1584 160.0 -19.532 18.322
1596 160.0 -19.572 18.828
1608 160.0 -20.873 19.300
1620 160.0 -20.300 18.506
1632 160.0 -21.351 19.770
1644 160.0 -21.788 18.427
1524 5.0 12.944 5.209
1536 5.0 12.473 5.209
1548 5.0 11.945 5.323
1560 5.0 11.417 5.323
1572 5.0 10.946 5.452
1584 5.0 10.433 5.452
1596 5.0 9.904 5.566
1608 5.0 9.434 5.566
1620 5.0 10.041 5.802
1632 5.0 10.086 5.856
1644 5.0 8.937 5.826
1656 5.0 8.916 6.274
1668 5.0 7.863 6.922
1680 5.0 8.218 6.716
1692 5.0 8.804 6.561
1704 5.0 6.870 7.621
1716 5.0 7.120 7.833
1728 5.0 6.822 7.725
1740 5.0 8.323 5.935
1752 5.0 6.642 8.034
1656 161.0 -19.937 18.225
1668 161.0 -19.966 18.225
1680 161.0 -19.966 18.168
1692 161.0 -19.966 18.168
1704 161.0 -19.994 18.111
1716 161.0 -19.994 18.054
1728 161.0 -19.994 18.054
1740 161.0 -20.009 17.996
1752 161.0 -20.018 18.064
1764 161.0 -19.947 18.105
1776 161.0 -19.953 18.082
1788 161.0 -20.003 18.123
1800 161.0 -19.970 18.173
1812 161.0 -20.035 18.190
1824 161.0 -20.036 18.229
1836 161.0 -19.993 18.201
1848 161.0 -19.974 18.199
1860 161.0 -20.002 18.168
1872 161.0 -20.060 18.168
1884 161.0 -20.050 18.191
1764 6.0 3.083 5.694
1776 6.0 2.569 5.694
1788 6.0 2.041 5.694
1800 6.0 1.513 5.694
1812 6.0 0.999 5.694
1824 6.0 0.471 5.694
1836 6.0 -0.057 5.694
1848 6.0 -0.571 5.694
1860 6.0 -0.049 5.943
1872 6.0 -0.398 5.973
1884 6.0 -0.838 6.237
1896 6.0 -1.769 6.571
1908 6.0 -1.648 5.958
1920 6.0 -0.892 7.142
1932 6.0 -1.756 6.193
1944 6.0 -1.092 6.461
1956 6.0 -2.312 7.581
1968 6.0 -2.435 6.371
1980 6.0 -3.345 7.962
1992 6.0 -2.817 7.376
2004 7.0 -7.635 5.623
2016 7.0 -8.063 5.680
2028 7.0 -8.520 5.680
2040 7.0 -8.977 5.623
2052 7.0 -9.405 5.680
2064 7.0 -9.862 5.680
2076 7.0 -10.375 5.623
2088 7.0 -10.961 5.623
2100 7.0 -11.172 5.768
2112 7.0 -12.012 6.498
2124 7.0 -11.614 6.587
2136 7.0 -11.638 6.669
2148 7.0 -11.515 6.658
2160 7.0 -12.030 7.517
2172 7.0 -12.769 7.355
2184 7.0 -13.018 7.431
2196 7.0 -13.376 7.879
2208 7.0 -14.314 8.040
2220 7.0 -15.068 9.346
2232 7.0 -11.669 7.443
2052 8.0 -0.257 17.540
2064 8.0 -0.942 17.540
2076 8.0 -1.570 17.426
2088 8.0 -2.198 17.426
2100 8.0 -2.826 17.426
2112 8.0 -3.454 17.311
2124 8.0 -4.039 17.311
2136 8.0 -4.667 17.311
2148 8.0 -3.265 17.099
2160 8.0 -3.927 16.585
2172 8.0 -5.889 19.079
2184 8.0 -5.280 16.970
2196 8.0 -5.022 16.617
2208 8.0 -4.827 16.492
2220 8.0 -6.715 18.703
2232 8.0 -5.771 18.289
2244 8.0 -1.578 14.172
2256 8.0 -6.777 18.095
2268 8.0 -6.155 18.131
2280 8.0 -5.603 18.398
3228 37.0 -0.542 17.254
3240 37.0 -0.114 16.798
3252 37.0 0.457 16.798
3264 37.0 0.451 17.039
3276 37.0 0.429 17.090
3288 37.0 0.407 17.141
3300 37.0 0.385 17.192
3312 37.0 0.362 17.243
3324 37.0 0.789 16.965
3336 37.0 0.521 17.083
3348 37.0 0.845 16.804
3360 37.0 1.076 16.727
3372 37.0 1.814 16.562
3384 37.0 1.288 16.984
3396 37.0 1.717 16.805
3408 37.0 1.975 16.729
3420 37.0 1.777 16.684
3432 37.0 2.362 16.188
3444 37.0 3.243 15.797
3456 37.0 2.283 16.431
3492 35.0 1.028 17.026
3504 35.0 0.457 17.140
3516 35.0 0.128 17.254
3528 35.0 -0.186 17.369
3540 35.0 -0.500 17.540
3552 35.0 -0.871 17.540
3564 35.0 -1.185 17.540
3576 35.0 -1.613 17.540
3588 35.0 -1.427 17.517
3600 35.0 -2.040 17.897
3612 35.0 -2.488 17.927
3624 35.0 -2.936 18.085
3636 35.0 -3.449 18.505
3648 35.0 -3.394 18.525
3660 35.0 -4.393 19.173
3672 35.0 -5.132 19.558
3684 35.0 -5.525 19.889
3696 35.0 -4.977 19.339
3708 35.0 -4.126 18.324
3720 35.0 -5.029 18.713
3732 36.0 -6.265 17.426
3744 36.0 -6.636 17.426
3756 36.0 -7.007 17.426
3768 36.0 -7.378 17.426
3780 36.0 -7.721 17.426
3792 36.0 -8.035 17.426
3804 36.0 -8.406 17.426
3816 36.0 -8.777 17.426
3828 36.0 -8.238 17.803
3840 36.0 -8.211 17.516
3852 36.0 -8.687 18.353
3864 36.0 -8.871 18.206
3876 36.0 -8.462 18.150
3888 36.0 -9.517 18.758
3900 36.0 -9.818 18.936
3912 36.0 -10.022 18.689
3924 36.0 -10.176 19.027
3936 36.0 -11.155 19.499
3948 36.0 -11.330 19.752
3960 36.0 -10.559 18.946
4788 74.0 16.369 6.494
4800 74.0 14.985 6.436
4812 74.0 13.501 6.436
4824 74.0 11.974 6.551
4836 74.0 10.504 6.551
4848 74.0 8.963 6.551
4860 74.0 7.264 6.551
4872 74.0 5.552 6.551
4884 74.0 12.810 5.306
4896 74.0 10.552 7.964
4908 74.0 11.504 4.775
4920 74.0 9.191 6.743
4932 74.0 11.198 4.098
4944 74.0 10.297 8.076
4956 74.0 9.248 8.154
4968 74.0 11.381 6.204
4980 74.0 10.579 7.429
4992 74.0 13.048 5.144
5004 74.0 12.971 4.718
5016 74.0 12.093 6.744
6744 152.0 15.142 5.866
6756 152.0 14.115 5.866
6768 152.0 13.230 5.980
6780 152.0 12.502 5.980
6792 152.0 11.760 6.094
6804 152.0 11.132 6.094
6816 152.0 10.604 6.094
6828 152.0 10.033 6.094
6840 152.0 10.611 6.523
6852 152.0 10.814 6.295
6864 152.0 11.528 6.483
6876 152.0 8.734 7.178
6888 152.0 9.020 7.337
6900 152.0 10.277 5.035
6912 152.0 8.737 8.322
6924 152.0 8.339 7.096
6936 152.0 9.329 6.722
6948 152.0 10.651 6.259
6960 152.0 9.224 5.538
6972 152.0 9.491 6.178
6984 150.0 -19.652 17.711
6996 150.0 -19.238 17.711
7008 150.0 -18.467 17.540
7020 150.0 -18.111 17.768
7032 150.0 -17.640 17.996
7044 150.0 -16.327 18.111
7056 150.0 -15.071 18.111
7068 150.0 -13.758 18.225
7080 150.0 -15.850 17.158
7092 150.0 -15.230 16.397
7104 150.0 -15.101 17.209
7116 150.0 -13.867 16.222
7128 150.0 -14.862 17.808
7140 150.0 -13.890 16.043
7152 150.0 -14.489 17.079
7164 150.0 -13.679 16.263
7176 150.0 -14.162 16.605
7188 150.0 -15.800 16.561
7200 150.0 -13.467 15.981
7212 150.0 -13.719 16.365
6984 153.0 3.425 6.094
6996 153.0 2.854 6.094
7008 153.0 2.269 6.094
7020 153.0 1.698 6.094
7032 153.0 1.127 6.094
7044 153.0 0.500 6.094
7056 153.0 -0.086 6.094
7068 153.0 -0.656 6.037
7080 153.0 0.471 6.559
7092 153.0 0.152 6.365
7104 153.0 -0.070 6.863
7116 153.0 -1.014 7.070
7128 153.0 -0.665 6.577
7140 153.0 -1.238 6.280
7152 153.0 -1.563 6.619
7164 153.0 -2.639 7.605
7176 153.0 -2.036 6.638
7188 153.0 -3.377 8.552
7200 153.0 -2.111 5.558
7212 153.0 -2.289 6.896
7224 151.0 -6.716 17.654
7236 151.0 -6.712 17.654
7248 151.0 -6.709 17.654
7260 151.0 -6.705 17.654
7272 151.0 -6.701 17.654
7284 151.0 -6.698 17.654
7296 151.0 -6.694 17.654
7308 151.0 -6.691 17.654
7320 151.0 -6.687 17.593
7332 151.0 -6.644 17.589
7344 151.0 -6.702 17.559
7356 151.0 -6.660 17.585
7368 151.0 -6.648 17.591
7380 151.0 -6.625 17.585
7392 151.0 -6.621 17.579
7404 151.0 -6.597 17.501
7416 151.0 -6.547 17.400
7428 151.0 -6.517 17.465
7440 151.0 -6.590 17.449
7452 151.0 -6.539 17.476
7224 154.0 -8.306 5.794
7236 154.0 -8.920 5.794
7248 154.0 -9.434 5.794
7260 154.0 -9.904 5.794
7272 154.0 -10.547 5.794
7284 154.0 -11.118 5.794
7296 154.0 -11.746 5.794
7308 154.0 -12.316 5.794
7320 154.0 -11.410 6.061
7332 154.0 -12.431 5.567
7344 154.0 -14.096 6.730
7356 154.0 -13.565 6.884
7368 154.0 -12.428 5.168
7380 154.0 -13.382 5.129
7392 154.0 -16.321 7.978
7404 154.0 -15.081 7.901
7416 154.0 -16.283 8.975
7428 154.0 -14.761 6.309
7440 154.0 -14.492 7.316
7452 154.0 -14.539 5.796
7512 156.0 -19.795 18.453
7524 156.0 -19.424 18.453
7536 156.0 -19.053 18.339
7548 156.0 -18.681 18.339
7560 156.0 -18.268 18.339
7572 156.0 -17.854 18.339
7584 156.0 -17.369 18.339
7596 156.0 -16.912 18.225
7608 156.0 -17.003 18.130
7620 156.0 -16.457 18.035
7632 156.0 -15.861 18.029
7644 156.0 -16.106 17.897
7656 156.0 -15.046 17.746
7668 156.0 -15.112 17.525
7680 156.0 -15.233 17.817
7692 156.0 -15.466 17.071
7704 156.0 -15.766 17.433
7716 156.0 -14.485 17.586
7728 156.0 -13.758 17.103
7740 156.0 -14.657 18.012
7596 86.0 -13.430 7.635
7608 86.0 -12.802 7.635
7620 86.0 -12.174 7.635
7632 86.0 -11.489 7.635
7644 86.0 -10.804 7.635
7656 86.0 -10.176 7.635
7668 86.0 -9.491 7.635
7680 86.0 -8.863 7.635
7692 86.0 -9.598 7.898
7704 86.0 -10.052 7.003
7716 86.0 -10.255 7.508
7728 86.0 -9.435 6.914
7740 86.0 -8.888 6.956
7752 86.0 -10.163 7.118
7764 86.0 -10.347 7.090
7776 86.0 -8.742 6.074
7788 86.0 -8.339 7.113
7800 86.0 -8.925 6.708
7812 86.0 -8.710 6.103
7824 86.0 -7.711 5.746
7644 92.0 16.584 6.551
7656 92.0 16.584 6.551
7668 92.0 16.584 6.551
7680 92.0 16.341 6.551
7692 92.0 15.884 6.551
7704 92.0 15.370 6.551
7716 92.0 14.914 6.551
7728 92.0 14.429 6.551
7740 92.0 14.594 6.441
7752 92.0 14.400 6.326
7764 92.0 15.553 5.980
7776 92.0 15.574 5.363
7788 92.0 15.319 5.371
7800 92.0 14.564 5.860
7812 92.0 15.838 5.559
7824 92.0 16.054 5.709
7836 92.0 15.980 5.716
7848 92.0 15.799 4.991
7860 92.0 15.941 4.731
7872 92.0 16.399 4.428
7836 87.0 -0.328 7.635
7848 87.0 0.300 7.764
7860 87.0 0.942 7.764
7872 87.0 1.570 7.764
7884 87.0 2.198 7.764
7896 87.0 2.840 7.892
7908 87.0 3.468 7.892
7920 87.0 4.096 7.892
7932 87.0 2.250 8.209
7944 87.0 2.268 7.700
7956 87.0 1.599 8.438
7968 87.0 2.847 8.048
7980 87.0 3.050 7.571
7992 87.0 2.642 8.500
8004 87.0 1.524 8.666
8016 87.0 2.862 8.902
8028 87.0 2.615 8.589
8040 87.0 2.274 8.354
8052 87.0 2.555 8.465
8064 87.0 2.539 8.747
7884 93.0 9.091 6.665
7896 93.0 8.663 6.665
7908 93.0 8.206 6.665
7920 93.0 7.778 6.665
7932 93.0 7.307 6.665
7944 93.0 6.893 6.665
7956 93.0 6.465 6.665
7968 93.0 5.951 6.551
7980 93.0 7.193 6.521
7992 93.0 6.624 6.877
8004 93.0 5.409 7.518
8016 93.0 5.868 6.821
8028 93.0 5.531 7.599
8040 93.0 5.565 7.866
8052 93.0 5.419 8.063
8064 93.0 4.561 8.810
8076 93.0 3.949 9.167
8088 93.0 3.804 9.314
8100 93.0 3.363 9.444
8112 93.0 3.043 9.440
8124 94.0 0.100 5.980
8136 94.0 -0.371 5.980
8148 94.0 -0.842 6.094
8160 94.0 -1.313 6.094
8172 94.0 -1.841 6.208
8184 94.0 -2.312 6.208
8196 94.0 -2.783 6.322
8208 94.0 -3.297 6.322
8220 94.0 -3.317 6.685
8232 94.0 -2.105 6.075
8244 94.0 -3.881 6.961
8256 94.0 -4.432 7.381
8268 94.0 -4.426 6.948
8280 94.0 -4.627 7.029
8292 94.0 -4.873 7.563
8304 94.0 -4.893 7.051
8316 94.0 -6.039 7.431
8328 94.0 -6.403 9.328
8340 94.0 -7.220 8.566
8352 94.0 -5.179 7.004
8364 95.0 -9.590 7.464
8376 95.0 -10.004 7.707
8388 95.0 -10.490 7.935
8400 95.0 -10.903 8.063
8412 95.0 -11.374 8.292
8424 95.0 -11.803 8.520
8436 95.0 -12.259 8.748
8448 95.0 -12.687 8.863
8460 95.0 -13.295 8.999
8472 95.0 -12.931 8.915
8484 95.0 -13.156 9.099
8496 95.0 -14.063 9.463
8508 95.0 -15.028 9.863
8520 95.0 -15.886 10.477
8532 95.0 -16.127 10.651
8544 95.0 -15.235 10.051
8556 95.0 -15.766 10.291
8568 95.0 -14.952 9.545
8580 95.0 -14.102 9.011
8592 95.0 -17.204 11.821
10968 97.0 -19.152 14.115
10980 97.0 -18.739 13.544
10992 97.0 -18.211 13.201
11004 97.0 -17.768 12.916
11016 97.0 -17.397 12.687
11028 97.0 -16.983 12.216
11040 97.0 -16.569 11.860
11052 97.0 -16.141 11.403
11064 97.0 -16.520 11.902
11076 97.0 -16.223 11.304
11088 97.0 -15.617 11.268
11100 97.0 -14.822 10.658
11112 97.0 -14.810 10.288
11124 97.0 -13.544 9.204
11136 97.0 -14.973 10.686
11148 97.0 -13.811 9.483
11160 97.0 -14.987 10.829
11172 97.0 -13.985 9.866
11184 97.0 -17.175 13.231
11196 97.0 -13.751 10.071
11004 56.0 8.406 8.121
11016 56.0 8.406 8.121
11028 56.0 8.406 8.121
11040 56.0 8.406 8.121
11052 56.0 8.406 8.121
11064 56.0 8.406 8.121
11076 56.0 8.406 8.121
11088 56.0 8.406 8.121
11100 56.0 8.396 8.132
11112 56.0 8.441 8.136
11124 56.0 8.484 8.219
11136 56.0 8.425 8.192
11148 56.0 8.443 8.275
11160 56.0 8.462 8.264
11172 56.0 8.552 8.303
11184 56.0 8.543 8.298
11196 56.0 8.428 8.397
11208 56.0 8.510 8.354
11220 56.0 8.522 8.333
11232 56.0 8.518 8.278
11208 98.0 -9.605 7.350
11220 98.0 -9.062 7.236
11232 98.0 -8.606 7.007
11244 98.0 -8.063 6.893
11256 98.0 -7.550 6.779
11268 98.0 -7.036 6.665
11280 98.0 -6.494 6.551
11292 98.0 -5.866 6.436
11304 98.0 -6.243 6.201
11316 98.0 -5.796 6.007
11328 98.0 -5.588 6.086
11340 98.0 -4.817 5.542
11352 98.0 -4.955 5.478
11364 98.0 -4.361 5.167
11376 98.0 -4.976 5.335
11388 98.0 -0.118 3.942
11400 98.0 -0.750 3.732
11412 98.0 -1.152 3.672
11424 98.0 -3.244 5.126
11436 98.0 -2.008 4.116
11244 57.0 8.406 8.121
11256 57.0 8.406 8.121
11268 57.0 8.406 8.121
11280 57.0 8.406 8.121
11292 57.0 8.406 8.121
11304 57.0 8.406 8.121
11316 57.0 8.406 8.121
11328 57.0 8.406 8.121
11340 57.0 8.405 8.078
11352 57.0 8.464 8.007
11364 57.0 8.428 8.078
11376 57.0 8.313 8.081
11388 57.0 8.265 8.089
11400 57.0 8.277 8.071
11412 57.0 8.216 8.144
11424 57.0 8.247 8.083
11436 57.0 8.294 8.036
11448 57.0 8.356 8.078
11460 57.0 8.310 8.150
11472 57.0 8.380 8.106
11448 99.0 2.198 5.980
11460 99.0 2.726 5.866
11472 99.0 3.297 5.866
11484 99.0 3.811 5.751
11496 99.0 4.410 5.751
11508 99.0 4.952 5.694
11520 99.0 5.509 5.680
11532 99.0 6.051 5.566
11544 99.0 4.775 6.095
11556 99.0 5.484 6.088
11568 99.0 5.146 5.967
11580 99.0 4.888 5.674
11592 99.0 6.044 5.748
11604 99.0 5.885 6.217
11616 99.0 5.179 5.984
11628 99.0 4.061 6.222
11640 99.0 5.260 6.215
11652 99.0 5.895 5.636
11664 99.0 5.574 6.403
11676 99.0 6.164 6.030
11928 19.0 -19.937 18.924
11940 19.0 -19.809 19.038
11952 19.0 -19.866 19.038
11964 19.0 -19.866 19.038
11976 19.0 -19.866 19.167
11988 19.0 -19.866 19.167
12000 19.0 -19.866 19.281
12012 19.0 -19.880 19.281
12024 19.0 -19.935 19.136
12036 19.0 -19.929 18.911
12048 19.0 -19.883 19.035
12060 19.0 -19.857 19.035
12072 19.0 -19.886 18.948
12084 19.0 -19.919 18.858
12096 19.0 -19.946 18.886
12108 19.0 -19.901 18.880
12120 19.0 -19.869 18.855
12132 19.0 -19.872 18.797
12144 19.0 -19.856 18.822
12156 19.0 -19.844 18.792
12168 20.0 -16.013 18.225
12180 20.0 -15.599 18.111
12192 20.0 -15.171 18.111
12204 20.0 -14.914 17.768
12216 20.0 -14.714 17.426
12228 20.0 -14.598 17.311
12240 20.0 -14.595 17.309
12252 20.0 -14.591 17.308
12264 20.0 -14.209 17.058
12276 20.0 -13.687 16.692
12288 20.0 -13.898 16.412
12300 20.0 -13.281 16.166
12312 20.0 -12.823 16.020
12324 20.0 -12.875 16.234
12336 20.0 -12.695 15.204
12348 20.0 -11.474 14.657
12360 20.0 -11.949 14.546
12372 20.0 -10.785 14.120
12384 20.0 -10.710 13.911
12396 20.0 -10.999 13.574
12408 21.0 -14.547 17.292
12420 21.0 -14.543 17.291
12432 21.0 -14.540 17.289
12444 21.0 -14.536 17.288
12456 21.0 -14.533 17.287
12468 21.0 -14.530 17.286
12480 21.0 -14.526 17.285
12492 21.0 -14.523 17.283
12504 21.0 -14.531 17.237
12516 21.0 -14.482 17.321
12528 21.0 -14.427 17.361
12540 21.0 -14.482 17.240
12552 21.0 -14.484 17.305
12564 21.0 -14.524 17.364
12576 21.0 -14.554 17.270
12588 21.0 -14.529 17.235
12600 21.0 -14.539 17.264
12612 21.0 -14.550 17.253
12624 21.0 -14.516 17.217
12636 21.0 -14.492 17.254
