312 104.0 -19.495 19.852
324 104.0 -19.309 19.852
336 104.0 -18.896 19.852
348 104.0 -18.268 19.852
360 104.0 -17.640 19.852
372 104.0 -17.012 19.623
384 104.0 -16.327 19.395
396 104.0 -15.699 19.395
408 104.0 -16.631 19.400
420 104.0 -15.932 18.817
432 104.0 -15.323 18.919
444 104.0 -16.005 18.879
456 104.0 -15.595 18.782
468 104.0 -15.608 18.699
480 104.0 -14.688 18.427
492 104.0 -15.135 18.911
504 104.0 -16.105 18.649
516 104.0 -16.320 19.141
528 104.0 -15.351 18.531
540 104.0 -14.448 18.564
408 108.0 -19.495 19.338
420 108.0 -19.181 19.338
432 108.0 -18.767 19.338
444 108.0 -18.296 19.338
456 108.0 -17.768 19.452
468 108.0 -17.083 19.452
480 108.0 -16.398 19.452
492 108.0 -15.770 19.338
504 108.0 -16.132 19.187
516 108.0 -16.742 19.499
528 108.0 -15.664 19.465
540 108.0 -15.604 19.398
552 108.0 -15.932 19.367
564 108.0 -15.571 19.759
576 108.0 -16.065 19.477
588 108.0 -15.401 18.953
600 108.0 -15.663 19.868
612 108.0 -14.874 19.753
624 108.0 -14.748 18.360
636 108.0 -14.138 19.050
552 105.0 -8.078 19.795
564 105.0 -7.478 19.795
576 105.0 -6.922 19.680
588 105.0 -6.308 19.680
600 105.0 -5.766 19.738
612 105.0 -5.252 19.738
624 105.0 -4.667 19.738
636 105.0 -4.139 19.738
648 105.0 -5.256 19.803
660 105.0 -4.827 18.849
672 105.0 -4.883 18.708
684 105.0 -4.737 18.474
696 105.0 -4.633 18.779
708 105.0 -4.150 18.592
720 105.0 -3.467 18.142
732 105.0 -4.397 18.206
744 105.0 -2.667 17.781
756 105.0 -2.476 17.626
768 105.0 -3.395 18.482
780 105.0 -1.633 17.010
648 109.0 -8.206 19.566
660 109.0 -7.578 19.566
672 109.0 -7.007 19.452
684 109.0 -6.422 19.452
696 109.0 -5.894 19.452
708 109.0 -5.323 19.338
720 109.0 -4.795 19.338
732 109.0 -4.224 19.338
744 109.0 -5.007 19.665
756 109.0 -4.688 19.307
768 109.0 -4.341 19.375
780 109.0 -4.449 19.466
792 109.0 -3.713 19.041
804 109.0 -4.143 19.457
816 109.0 -3.889 19.079
828 109.0 -4.128 19.296
840 109.0 -3.628 19.409
852 109.0 -4.560 19.774
864 109.0 -3.546 19.457
876 109.0 -4.122 19.583
684 100.0 16.298 18.111
696 100.0 15.670 18.111
708 100.0 15.085 18.111
720 100.0 14.514 18.111
732 100.0 13.943 18.111
744 100.0 13.358 18.111
756 100.0 12.730 18.054
768 100.0 12.159 18.054
780 100.0 12.821 17.870
792 100.0 12.138 17.881
804 100.0 10.755 18.699
816 100.0 12.339 18.462
828 100.0 10.446 19.966
840 100.0 8.908 19.647
852 100.0 10.073 18.824
864 100.0 9.517 20.798
876 100.0 10.186 19.142
888 100.0 11.979 17.642
900 100.0 9.109 19.509
912 100.0 13.484 16.221
792 106.0 3.568 19.623
804 106.0 4.082 19.623
816 106.0 4.610 19.623
828 106.0 5.195 19.623
840 106.0 5.709 19.509
852 106.0 6.279 19.509
864 106.0 6.822 19.395
876 106.0 7.393 19.395
888 106.0 7.555 19.077
900 106.0 7.424 19.188
912 106.0 8.307 18.803
924 106.0 7.729 19.034
936 106.0 6.911 19.868
948 106.0 7.592 18.948
960 106.0 8.695 18.726
972 106.0 7.390 19.536
984 106.0 7.448 19.728
996 106.0 10.093 18.871
1008 106.0 9.527 18.488
1020 106.0 9.659 18.430
924 101.0 4.496 17.825
936 101.0 3.925 17.825
948 101.0 3.354 17.768
960 101.0 2.783 17.768
972 101.0 2.198 17.768
984 101.0 1.570 17.768
996 101.0 0.985 17.768
1008 101.0 0.414 17.768
1020 101.0 0.762 18.245
1032 101.0 0.512 18.485
1044 101.0 0.538 17.894
1056 101.0 -0.086 18.188
1068 101.0 -0.548 18.485
1080 101.0 -1.063 18.416
1092 101.0 -1.956 18.939
1104 101.0 -1.276 18.225
1116 101.0 -2.209 20.361
1128 101.0 -1.159 19.192
1140 101.0 -1.480 19.131
1152 101.0 -2.373 18.968
1140 67.0 -18.439 14.885
1152 67.0 -17.811 14.885
1164 67.0 -17.183 14.885
1176 67.0 -16.555 14.771
1188 67.0 -15.927 14.771
1200 67.0 -15.299 14.771
1212 67.0 -14.671 14.643
1224 67.0 -14.043 14.643
1236 67.0 -14.620 14.881
1248 67.0 -14.934 14.953
1260 67.0 -14.469 14.241
1272 67.0 -15.002 14.355
1284 67.0 -14.444 14.330
1296 67.0 -14.528 14.414
1308 67.0 -14.714 14.285
1320 67.0 -14.688 14.232
1332 67.0 -14.346 14.567
1344 67.0 -13.960 14.966
1356 67.0 -14.400 15.122
1368 67.0 -13.941 14.810
1164 102.0 -7.721 18.111
1176 102.0 -8.363 18.168
1188 102.0 -8.991 18.168
1200 102.0 -9.619 18.225
1212 102.0 -10.247 18.225
1224 102.0 -10.889 18.282
1236 102.0 -11.517 18.282
1248 102.0 -12.145 18.282
1260 102.0 -11.205 18.823
1272 102.0 -11.358 19.519
1284 102.0 -11.698 19.451
1296 102.0 -12.019 19.831
1308 102.0 -12.478 19.756
1320 102.0 -12.877 19.938
1332 102.0 -13.216 19.989
1344 102.0 -13.875 20.715
1356 102.0 -13.464 20.340
1368 102.0 -14.348 20.718
1380 102.0 -14.378 20.776
1392 102.0 -14.951 21.222
1380 68.0 -6.251 14.414
1392 68.0 -5.652 14.414
1404 68.0 -5.081 14.528
1416 68.0 -4.767 14.528
1428 68.0 -4.396 14.643
1440 68.0 -4.039 14.643
1452 68.0 -3.682 14.771
1464 68.0 -3.311 14.771
1476 68.0 -3.965 14.634
1488 68.0 -3.252 14.666
1500 68.0 -2.926 14.541
1512 68.0 -3.193 14.470
1524 68.0 -3.580 14.673
1536 68.0 -2.442 15.027
1548 68.0 -2.292 15.106
1560 68.0 -3.220 15.099
1572 68.0 -2.502 14.704
1584 68.0 -3.766 14.689
1596 68.0 -3.405 14.786
1608 68.0 -2.758 14.464
1500 70.0 6.494 6.208
1512 70.0 5.766 6.208
1524 70.0 5.024 6.208
1536 70.0 4.353 6.322
1548 70.0 3.611 6.322
1560 70.0 2.940 6.322
1572 70.0 2.198 6.436
1584 70.0 1.513 6.436
1596 70.0 2.449 7.049
1608 70.0 2.756 6.992
1620 70.0 2.104 7.573
1632 70.0 1.093 7.534
1644 70.0 1.704 6.899
1656 70.0 1.895 7.014
1668 70.0 0.712 7.161
1680 70.0 0.484 7.478
1692 70.0 0.529 7.982
1704 70.0 -1.266 9.707
1716 70.0 0.568 7.646
1728 70.0 1.139 8.183
1536 58.0 16.983 28.757
1548 58.0 16.955 28.186
1560 58.0 16.926 27.601
1572 58.0 16.898 27.016
1584 58.0 16.883 26.445
1596 58.0 16.883 25.874
1608 58.0 16.855 25.218
1620 58.0 16.683 24.647
1632 58.0 16.588 24.164
1644 58.0 16.627 23.271
1656 58.0 16.600 23.434
1668 58.0 16.505 24.251
1680 58.0 16.615 22.480
1692 58.0 16.468 22.813
1704 58.0 17.042 21.426
1716 58.0 16.542 21.367
1728 58.0 16.785 21.226
1740 58.0 16.431 21.420
1752 58.0 16.266 20.317
1764 58.0 16.343 21.706
1620 69.0 2.968 16.855
1632 69.0 3.596 16.969
1644 69.0 4.224 17.083
1656 69.0 4.852 17.197
1668 69.0 5.480 17.311
1680 69.0 6.108 17.426
1692 69.0 6.736 17.540
1704 69.0 7.364 17.540
1716 69.0 7.381 17.382
1728 69.0 6.497 17.019
1740 69.0 6.558 17.539
1752 69.0 6.019 17.233
1764 69.0 7.075 16.517
1776 69.0 6.627 16.976
1788 69.0 6.739 16.615
1800 69.0 7.134 17.191
1812 69.0 7.645 17.148
1824 69.0 6.562 17.063
1836 69.0 7.369 16.085
1848 69.0 7.610 17.080
1740 71.0 -7.707 6.436
1752 71.0 -8.434 6.436
1764 71.0 -9.120 6.436
1776 71.0 -9.847 6.436
1788 71.0 -10.590 6.551
1800 71.0 -11.275 6.551
1812 71.0 -12.002 6.551
1824 71.0 -12.730 6.551
1836 71.0 -12.337 7.067
1848 71.0 -12.584 6.856
1860 71.0 -12.473 6.537
1872 71.0 -13.525 7.373
1884 71.0 -11.384 4.474
1896 71.0 -12.183 6.509
1908 71.0 -12.863 6.617
1920 71.0 -13.162 7.818
1932 71.0 -14.252 8.310
1944 71.0 -15.197 8.644
1956 71.0 -12.780 7.473
1968 71.0 -14.521 9.641
1776 59.0 12.488 19.095
1788 59.0 12.031 18.867
1800 59.0 11.546 18.639
1812 59.0 11.089 18.282
1824 59.0 10.661 17.939
1836 59.0 10.190 17.597
1848 59.0 9.776 17.140
1860 59.0 9.348 16.783
1872 59.0 9.591 18.526
1884 59.0 10.094 18.180
1896 59.0 10.208 17.976
1908 59.0 10.467 17.237
1920 59.0 10.216 17.821
1932 59.0 9.711 18.218
1944 59.0 9.507 18.097
1956 59.0 10.458 18.297
1968 59.0 10.345 17.778
1980 59.0 9.921 17.398
1992 59.0 10.037 17.437
2004 59.0 10.501 18.578
2016 60.0 4.724 10.547
2028 60.0 4.296 10.076
2040 60.0 3.882 9.605
2052 60.0 3.482 9.148
2064 60.0 3.026 8.691
2076 60.0 2.655 8.235
2088 60.0 2.226 7.764
2100 60.0 1.827 7.364
2112 60.0 1.631 7.382
2124 60.0 1.455 7.745
2136 60.0 2.866 8.242
2148 60.0 2.153 7.397
2160 60.0 2.554 7.088
2172 60.0 3.351 7.352
2184 60.0 3.382 5.935
2196 60.0 3.577 7.300
2208 60.0 3.230 4.772
2220 60.0 3.774 4.658
2232 60.0 3.954 5.443
2244 60.0 3.809 4.033
2256 61.0 -4.767 3.539
2268 61.0 -5.195 3.083
2280 61.0 -5.609 2.726
2292 61.0 -6.037 2.269
2304 61.0 -6.494 1.927
2316 61.0 -7.022 1.570
2328 61.0 -7.393 1.227
2340 61.0 -7.707 0.885
2352 61.0 -6.674 1.467
2364 61.0 -7.893 1.442
2376 61.0 -6.999 1.916
2388 61.0 -6.833 1.727
2400 61.0 -7.282 1.625
2412 61.0 -6.784 2.033
2424 61.0 -7.044 1.563
2436 61.0 -6.440 1.451
2448 61.0 -6.937 0.867
2460 61.0 -7.279 1.644
2472 61.0 -7.052 1.394
2484 61.0 -7.065 1.721
3012 21.0 16.812 19.795
3024 21.0 16.155 19.452
3036 21.0 15.527 19.338
3048 21.0 14.900 19.338
3060 21.0 14.500 19.338
3072 21.0 14.015 19.338
3084 21.0 13.387 19.110
3096 21.0 12.759 18.867
3108 21.0 13.732 18.853
3120 21.0 14.330 17.651
3132 21.0 14.446 18.418
3144 21.0 15.024 19.416
3156 21.0 15.493 18.857
3168 21.0 15.574 17.925
3180 21.0 15.422 18.879
3192 21.0 14.939 18.768
3204 21.0 15.733 18.206
3216 21.0 15.500 18.495
3228 21.0 16.186 18.351
3240 21.0 16.107 18.209
3060 141.0 -19.538 17.197
3072 141.0 -19.395 16.312
3084 141.0 -19.024 16.084
3096 141.0 -18.653 15.856
3108 141.0 -18.282 15.627
3120 141.0 -17.925 15.399
3132 141.0 -17.397 15.285
3144 141.0 -16.940 15.171
3156 141.0 -17.608 14.836
3168 141.0 -17.221 14.886
3180 141.0 -17.818 14.842
3192 141.0 -16.615 14.603
3204 141.0 -16.824 14.812
3216 141.0 -15.833 14.460
3228 141.0 -15.429 14.075
3240 141.0 -15.212 13.687
3252 141.0 -13.545 13.381
3264 141.0 -14.515 13.572
3276 141.0 -13.509 12.237
3288 141.0 -12.229 11.581
3108 137.0 16.869 18.910
3120 137.0 16.270 18.453
3132 137.0 15.799 18.453
3144 137.0 15.271 18.339
3156 137.0 14.757 18.339
3168 137.0 14.214 18.225
3180 137.0 13.758 18.225
3192 137.0 13.230 18.225
3204 137.0 14.443 18.741
3216 137.0 15.096 18.733
3228 137.0 13.583 19.669
3240 137.0 13.317 19.010
3252 137.0 12.532 19.645
3264 137.0 12.615 20.055
3276 137.0 13.185 19.147
3288 137.0 12.832 19.616
3300 137.0 12.585 19.421
3312 137.0 11.868 19.498
3324 137.0 11.458 19.471
3336 137.0 11.946 19.156
3252 22.0 4.367 18.995
3264 22.0 3.682 18.995
3276 22.0 3.054 18.995
3288 22.0 2.426 18.995
3300 22.0 1.741 18.995
3312 22.0 1.113 18.995
3324 22.0 0.485 18.995
3336 22.0 -0.143 18.995
3348 22.0 0.977 19.849
3360 22.0 -0.424 20.551
3372 22.0 -0.122 20.800
3384 22.0 -0.470 21.277
3396 22.0 -1.384 20.998
3408 22.0 -1.852 21.482
3420 22.0 -0.992 21.303
3432 22.0 -2.623 22.536
3444 22.0 -0.589 21.060
3456 22.0 -2.115 22.003
3468 22.0 -1.337 20.763
3480 22.0 -5.953 23.680
3300 142.0 -12.488 10.661
3312 142.0 -12.059 10.433
3324 142.0 -11.574 10.204
3336 142.0 -11.175 9.962
3348 142.0 -10.689 9.719
3360 142.0 -10.233 9.491
3372 142.0 -9.862 9.262
3384 142.0 -9.548 9.034
3396 142.0 -10.527 9.301
3408 142.0 -10.881 9.612
3420 142.0 -10.272 9.026
3432 142.0 -9.249 8.645
3444 142.0 -9.173 8.682
3456 142.0 -8.913 8.475
3468 142.0 -8.577 8.181
3480 142.0 -8.489 7.817
3492 142.0 -7.250 7.393
3504 142.0 -7.812 7.507
3516 142.0 -6.204 6.507
3528 142.0 -5.552 6.134
3348 138.0 6.479 19.053
3360 138.0 5.994 19.167
3372 138.0 5.537 19.167
3384 138.0 4.995 19.281
3396 138.0 4.481 19.281
3408 138.0 3.953 19.281
3420 138.0 3.482 19.281
3432 138.0 3.054 19.281
3444 138.0 2.909 20.215
3456 138.0 2.144 20.291
3468 138.0 1.817 21.163
3480 138.0 0.937 21.716
3492 138.0 0.579 21.619
3504 138.0 0.730 21.891
3516 138.0 1.102 21.815
3528 138.0 -0.432 22.648
3540 138.0 0.767 21.741
3552 138.0 -0.071 21.778
3564 138.0 -0.470 21.602
3576 138.0 -3.402 23.905
3504 136.0 -6.608 16.955
3516 136.0 -7.264 17.540
3528 136.0 -7.949 17.426
3540 136.0 -8.634 17.311
3552 136.0 -9.262 17.183
3564 136.0 -9.890 17.183
3576 136.0 -10.490 17.183
3588 136.0 -11.060 17.183
3600 136.0 -10.217 17.040
3612 136.0 -10.590 17.468
3624 136.0 -12.389 18.055
3636 136.0 -11.364 17.199
3648 136.0 -12.145 17.845
3660 136.0 -10.762 16.501
3672 136.0 -11.647 17.131
3684 136.0 -11.929 18.104
3696 136.0 -12.421 17.640
3708 136.0 -13.195 17.795
3720 136.0 -13.602 20.391
3732 136.0 -13.939 18.911
3540 143.0 -4.581 5.980
3552 143.0 -4.153 5.737
3564 143.0 -3.725 5.737
3576 143.0 -3.297 5.737
3588 143.0 -2.911 5.737
3600 143.0 -2.440 5.623
3612 143.0 -1.969 5.623
3624 143.0 -1.441 5.623
3636 143.0 -1.940 5.052
3648 143.0 -1.365 4.893
3660 143.0 -1.605 5.144
3672 143.0 -0.803 5.052
3684 143.0 -0.584 4.610
3696 143.0 -0.055 4.476
3708 143.0 0.127 4.582
3720 143.0 0.615 4.346
3732 143.0 -0.217 5.305
3744 143.0 1.377 4.175
3756 143.0 0.454 4.707
3768 143.0 0.051 5.409
3588 139.0 -3.639 19.038
3600 139.0 -4.224 19.038
3612 139.0 -4.795 19.038
3624 139.0 -5.323 19.038
3636 139.0 -5.894 18.924
3648 139.0 -6.322 18.810
3660 139.0 -6.793 18.810
3672 139.0 -7.207 18.696
3684 139.0 -7.171 19.784
3696 139.0 -7.542 19.420
3708 139.0 -7.596 20.197
3720 139.0 -8.002 20.089
3732 139.0 -7.940 20.461
3744 139.0 -8.864 20.831
3756 139.0 -9.576 21.016
3768 139.0 -9.901 20.926
3780 139.0 -9.045 20.769
3792 139.0 -11.868 22.318
3804 139.0 -9.364 20.547
3816 139.0 -8.383 20.573
3780 147.0 4.567 5.395
3792 147.0 5.138 5.280
3804 147.0 5.751 5.280
3816 147.0 6.123 5.280
3828 147.0 6.494 5.280
3840 147.0 6.865 5.280
3852 147.0 7.236 5.280
3864 147.0 7.650 5.152
3876 147.0 7.229 5.327
3888 147.0 7.423 5.276
3900 147.0 7.776 5.455
3912 147.0 8.066 5.134
3924 147.0 8.035 5.404
3936 147.0 7.203 4.865
3948 147.0 8.414 4.852
3960 147.0 8.097 5.054
3972 147.0 8.106 5.457
3984 147.0 8.834 5.233
3996 147.0 8.790 4.758
4008 147.0 9.655 4.929
3996 149.0 7.321 33.610
4008 149.0 7.107 33.610
4020 149.0 7.107 33.610
4032 149.0 7.107 33.610
4044 149.0 7.107 33.724
4056 149.0 7.050 33.724
4068 149.0 7.050 33.838
4080 149.0 7.050 33.838
4092 149.0 7.092 33.911
4104 149.0 7.064 33.814
4116 149.0 7.044 33.745
4128 149.0 7.063 33.603
4140 149.0 7.246 33.595
4152 149.0 7.255 33.625
4164 149.0 7.250 33.601
4176 149.0 7.296 33.594
4188 149.0 7.403 33.624
4200 149.0 7.434 33.627
4212 149.0 7.504 33.638
4224 149.0 7.532 33.631
4236 150.0 6.879 34.423
4248 150.0 6.879 34.423
4260 150.0 6.879 34.537
4272 150.0 6.836 34.537
4284 150.0 6.836 34.537
4296 150.0 6.836 34.651
4308 150.0 6.836 34.651
4320 150.0 6.793 34.651
4332 150.0 6.833 34.620
4344 150.0 6.827 34.570
4356 150.0 6.794 34.590
4368 150.0 6.789 34.526
4380 150.0 6.828 34.556
4392 150.0 6.672 34.634
4404 150.0 6.702 34.609
4416 150.0 6.694 34.616
4428 150.0 6.749 34.693
4440 150.0 6.915 34.530
4452 150.0 7.009 34.600
4464 150.0 7.074 34.736
5400 148.0 16.655 17.597
5412 148.0 16.512 17.483
5424 148.0 16.341 17.483
5436 148.0 16.241 17.369
5448 148.0 16.084 17.369
5460 148.0 15.984 17.254
5472 148.0 15.827 17.254
5484 148.0 15.713 17.140
5496 148.0 16.234 17.064
5508 148.0 16.281 16.822
5520 148.0 16.260 16.615
5532 148.0 16.198 16.704
5544 148.0 16.411 16.459
5556 148.0 16.449 16.379
5568 148.0 16.249 16.082
5580 148.0 16.196 15.314
5592 148.0 16.412 15.242
5604 148.0 16.086 15.162
5616 148.0 16.149 14.432
5628 148.0 16.131 14.364
5484 78.0 16.541 18.924
5496 78.0 15.913 19.152
5508 78.0 14.985 18.981
5520 78.0 14.229 18.867
5532 78.0 13.772 18.924
5544 78.0 13.287 18.924
5556 78.0 12.702 18.924
5568 78.0 12.188 18.810
5580 78.0 13.173 19.459
5592 78.0 13.084 19.747
5604 78.0 12.787 19.547
5616 78.0 11.614 20.297
5628 78.0 12.363 19.690
5640 78.0 10.897 20.740
5652 78.0 10.237 20.567
5664 78.0 10.164 21.056
5676 78.0 11.144 19.418
5688 78.0 9.063 21.864
5700 78.0 10.764 20.170
5712 78.0 10.319 19.971
5484 151.0 16.213 19.966
5496 151.0 15.670 19.966
5508 151.0 14.900 20.023
5520 151.0 14.015 20.251
5532 151.0 13.158 20.423
5544 151.0 12.673 20.651
5556 151.0 12.216 20.651
5568 151.0 11.646 20.423
5580 151.0 12.213 20.847
5592 151.0 12.003 20.628
5604 151.0 11.080 21.123
5616 151.0 10.699 20.900
5628 151.0 11.061 20.880
5640 151.0 9.885 21.584
5652 151.0 9.977 22.773
5664 151.0 11.105 21.036
5676 151.0 12.470 20.737
5688 151.0 7.789 23.473
5700 151.0 10.480 21.103
5712 151.0 8.852 21.366
5556 5.0 15.642 18.054
5568 5.0 15.385 18.225
5580 5.0 15.099 18.396
5592 5.0 14.828 18.567
5604 5.0 14.557 18.696
5616 5.0 14.300 18.924
5628 5.0 14.015 19.038
5640 5.0 13.701 19.167
5652 5.0 13.870 19.569
5664 5.0 13.733 19.438
5676 5.0 12.343 20.187
5688 5.0 11.850 20.391
5700 5.0 12.029 20.274
5712 5.0 11.795 20.675
5724 5.0 12.200 20.280
5736 5.0 10.421 21.704
5748 5.0 9.977 22.067
5760 5.0 9.483 22.424
5772 5.0 9.859 23.013
5784 5.0 9.964 21.724
5580 131.0 16.170 17.825
5592 131.0 15.742 17.483
5604 131.0 15.428 17.369
5616 131.0 15.057 17.369
5628 131.0 14.800 17.254
5640 131.0 14.571 17.254
5652 131.0 14.300 17.254
5664 131.0 14.072 17.254
5676 131.0 13.523 17.697
5688 131.0 13.608 17.166
5700 131.0 13.179 17.817
5712 131.0 12.541 17.524
5724 131.0 11.568 17.965
5736 131.0 12.128 17.999
5748 131.0 13.281 17.594
5760 131.0 13.133 16.880
5772 131.0 12.786 17.065
5784 131.0 12.438 17.671
5796 131.0 11.979 16.908
5808 131.0 11.407 18.887
5640 154.0 13.344 16.612
5652 154.0 13.144 16.555
5664 154.0 12.973 16.555
5676 154.0 12.759 16.498
5688 154.0 12.573 16.498
5700 154.0 12.388 16.441
5712 154.0 12.159 16.441
5724 154.0 11.845 16.441
5736 154.0 11.848 16.814
5748 154.0 11.523 16.703
5760 154.0 11.596 16.711
5772 154.0 11.308 16.603
5784 154.0 10.854 16.763
5796 154.0 11.154 16.654
5808 154.0 9.683 17.271
5820 154.0 9.496 17.424
5832 154.0 10.325 17.235
5844 154.0 10.194 17.389
5856 154.0 9.457 17.792
5868 154.0 9.013 18.072
5724 79.0 4.039 18.810
5736 79.0 3.568 18.810
5748 79.0 3.040 18.810
5760 79.0 2.512 18.810
5772 79.0 2.041 18.810
5784 79.0 1.570 18.810
5796 79.0 0.999 18.753
5808 79.0 0.414 18.624
5820 79.0 0.460 19.219
5832 79.0 0.014 19.362
5844 79.0 -1.429 20.426
5856 79.0 -0.982 19.634
5868 79.0 -1.200 20.490
5880 79.0 -1.413 20.007
5892 79.0 -2.000 20.249
5904 79.0 -2.783 20.854
5916 79.0 -1.822 20.405
5928 79.0 -2.562 21.790
5940 79.0 -1.661 20.500
5952 79.0 -2.241 21.005
5724 152.0 3.967 20.423
5736 152.0 3.454 20.537
5748 152.0 2.997 20.423
5760 152.0 2.398 20.423
5772 152.0 1.884 20.308
5784 152.0 1.256 20.308
5796 152.0 0.628 20.423
5808 152.0 0.057 20.423
5820 152.0 0.873 20.529
5832 152.0 1.054 20.823
5844 152.0 -0.313 21.024
5856 152.0 -0.553 21.332
5868 152.0 -0.783 20.707
5880 152.0 -1.888 21.987
5892 152.0 -1.782 21.779
5904 152.0 -0.865 19.901
5916 152.0 -2.411 21.999
5928 152.0 -1.443 20.098
5940 152.0 -2.685 21.652
5952 152.0 -1.140 20.390
5736 90.0 -20.194 13.358
5748 90.0 -17.411 12.559
5760 90.0 -14.500 12.331
5772 90.0 -11.660 12.502
5784 90.0 -8.834 12.673
5796 90.0 -6.008 12.902
5808 90.0 -3.168 13.144
5820 90.0 -0.285 13.372
5832 90.0 -16.648 13.519
5844 90.0 -15.365 12.739
5856 90.0 -16.011 12.691
5868 90.0 -13.759 12.136
5880 90.0 -13.950 12.412
5892 90.0 -16.970 12.365
5904 90.0 -16.177 12.200
5916 90.0 -14.748 11.264
5928 90.0 -15.392 12.436
5940 90.0 -11.453 10.002
5952 90.0 -15.646 12.616
5964 90.0 -17.813 14.175
5796 6.0 10.033 19.623
5808 6.0 9.762 19.623
5820 6.0 9.505 19.738
5832 6.0 9.248 19.738
5844 6.0 8.991 19.738
5856 6.0 8.734 19.852
5868 6.0 8.449 19.852
5880 6.0 8.192 19.966
5892 6.0 8.693 20.291
5904 6.0 9.136 20.169
5916 6.0 8.060 20.541
5928 6.0 7.992 20.652
5940 6.0 7.729 21.148
5952 6.0 7.135 21.296
5964 6.0 6.247 21.870
5976 6.0 7.210 21.546
5988 6.0 6.160 21.971
6000 6.0 5.400 22.132
6012 6.0 3.776 22.946
6024 6.0 4.185 23.126
5820 132.0 10.347 18.282
5832 132.0 10.033 18.282
5844 132.0 9.747 18.282
5856 132.0 9.476 18.282
5868 132.0 9.191 18.282
5880 132.0 8.934 18.282
5892 132.0 8.649 18.282
5904 132.0 8.392 18.396
5916 132.0 8.353 18.415
5928 132.0 8.004 18.304
5940 132.0 7.451 18.944
5952 132.0 7.776 18.783
5964 132.0 6.808 19.165
5976 132.0 6.847 19.429
5988 132.0 6.076 19.422
6000 132.0 5.990 19.839
6012 132.0 5.034 19.848
6024 132.0 4.327 20.636
6036 132.0 4.423 21.199
6048 132.0 4.881 20.248
5880 155.0 7.749 17.026
5892 155.0 7.435 17.026
5904 155.0 7.122 17.026
5916 155.0 6.808 17.026
5928 155.0 6.494 17.026
5940 155.0 6.180 17.026
5952 155.0 5.866 17.026
5964 155.0 5.552 17.026
5976 155.0 5.481 16.783
5988 155.0 5.565 17.130
6000 155.0 5.406 17.297
6012 155.0 5.191 17.804
6024 155.0 5.152 17.888
6036 155.0 4.151 17.786
6048 155.0 4.641 18.147
6060 155.0 4.416 17.749
6072 155.0 3.756 18.255
6084 155.0 4.911 17.532
6096 155.0 3.661 18.549
6108 155.0 3.355 18.792
5964 80.0 -7.792 18.681
5976 80.0 -8.306 18.810
5988 80.0 -8.734 18.924
6000 80.0 -9.191 18.681
6012 80.0 -9.776 18.624
6024 80.0 -10.333 18.624
6036 80.0 -10.875 18.567
6048 80.0 -11.417 18.567
6060 80.0 -11.427 19.059
6072 80.0 -10.925 19.128
6084 80.0 -10.578 18.721
6096 80.0 -11.589 19.323
6108 80.0 -12.523 19.056
6120 80.0 -12.271 19.625
6132 80.0 -12.642 19.996
6144 80.0 -13.673 20.204
6156 80.0 -14.116 20.881
6168 80.0 -13.495 20.337
6180 80.0 -13.035 20.440
6192 80.0 -14.233 20.665
5964 153.0 -7.906 20.423
5976 153.0 -8.506 20.423
5988 153.0 -9.077 20.537
6000 153.0 -9.648 20.651
6012 153.0 -10.161 20.480
6024 153.0 -10.647 20.366
6036 153.0 -11.146 20.251
6048 153.0 -11.603 20.137
6060 153.0 -11.212 20.332
6072 153.0 -12.055 21.373
6084 153.0 -12.805 21.396
6096 153.0 -12.867 21.355
6108 153.0 -13.225 22.493
6120 153.0 -13.706 21.908
6132 153.0 -14.593 22.226
6144 153.0 -14.282 22.565
6156 153.0 -14.347 22.644
6168 153.0 -13.521 21.391
6180 153.0 -13.666 21.847
6192 153.0 -14.195 22.225
6000 125.0 6.779 17.882
6012 125.0 6.522 17.768
6024 125.0 6.265 17.768
6036 125.0 6.023 17.768
6048 125.0 5.794 17.768
6060 125.0 5.552 17.711
6072 125.0 5.295 17.711
6084 125.0 5.081 17.711
6096 125.0 5.576 17.527
6108 125.0 5.134 17.621
6120 125.0 5.099 17.661
6132 125.0 4.892 17.907
6144 125.0 4.222 17.855
6156 125.0 4.372 17.689
6168 125.0 4.326 17.844
6180 125.0 3.796 18.653
6192 125.0 2.996 18.913
6204 125.0 2.367 19.188
6216 125.0 1.929 19.493
6228 125.0 2.520 19.585
6036 7.0 5.423 19.623
6048 7.0 5.266 19.566
6060 7.0 5.138 19.452
6072 7.0 5.009 19.395
6084 7.0 4.838 19.338
6096 7.0 4.724 19.281
6108 7.0 4.581 19.224
6120 7.0 4.524 19.110
6132 7.0 4.536 19.210
6144 7.0 4.749 18.973
6156 7.0 4.621 19.050
6168 7.0 4.723 19.134
6180 7.0 4.533 19.189
6192 7.0 3.777 19.141
6204 7.0 4.629 19.310
6216 7.0 3.888 19.347
6228 7.0 4.076 19.104
6240 7.0 4.070 18.996
6252 7.0 4.037 18.860
6264 7.0 3.984 19.269
6060 133.0 5.309 18.168
6072 133.0 5.052 18.111
6084 133.0 4.824 18.111
6096 133.0 4.524 18.054
6108 133.0 4.324 18.054
6120 133.0 4.110 18.054
6132 133.0 3.839 18.054
6144 133.0 3.639 18.168
6156 133.0 4.031 17.876
6168 133.0 3.139 17.985
6180 133.0 3.129 18.220
6192 133.0 2.625 18.263
6204 133.0 3.195 17.969
6216 133.0 2.978 18.036
6228 133.0 3.543 17.742
6240 133.0 2.802 18.016
6252 133.0 3.220 17.758
6264 133.0 3.999 17.894
6276 133.0 4.243 18.098
6288 133.0 4.034 18.230
6120 156.0 2.369 17.369
6132 156.0 2.112 17.369
6144 156.0 1.855 17.369
6156 156.0 1.598 17.369
6168 156.0 1.342 17.369
6180 156.0 1.227 17.254
6192 156.0 1.113 17.254
6204 156.0 1.028 17.254
6216 156.0 1.064 17.317
6228 156.0 0.798 17.313
6240 156.0 1.009 17.353
6252 156.0 0.335 17.670
6264 156.0 0.328 17.812
6276 156.0 0.199 17.745
6288 156.0 -0.734 17.929
6300 156.0 -1.205 18.282
6312 156.0 -0.607 17.215
6324 156.0 -2.105 18.522
6336 156.0 -2.388 18.315
6348 156.0 -2.285 18.857
6240 126.0 1.784 17.711
6252 126.0 1.513 17.825
6264 126.0 1.413 17.825
6276 126.0 1.313 17.825
6288 126.0 1.199 17.825
6300 126.0 1.099 17.825
6312 126.0 0.999 17.825
6324 126.0 0.885 17.825
6336 126.0 0.782 17.805
6348 126.0 0.547 17.793
6360 126.0 0.481 17.844
6372 126.0 1.027 17.399
6384 126.0 0.849 17.378
6396 126.0 0.127 17.520
6408 126.0 0.589 17.373
6420 126.0 0.627 17.491
6432 126.0 0.280 17.157
6444 126.0 0.201 17.397
6456 126.0 0.751 17.356
6468 126.0 -0.094 17.239
6276 8.0 4.096 18.624
6288 8.0 4.096 18.624
6300 8.0 4.096 18.624
6312 8.0 4.096 18.624
6324 8.0 4.096 18.624
6336 8.0 4.096 18.624
6348 8.0 4.096 18.624
6360 8.0 4.096 18.624
6372 8.0 4.076 18.627
6384 8.0 4.091 18.604
6396 8.0 4.112 18.592
6408 8.0 4.120 18.626
6420 8.0 4.084 18.707
6432 8.0 4.049 18.675
6444 8.0 4.054 18.674
6456 8.0 3.998 18.709
6468 8.0 4.061 18.650
6480 8.0 4.046 18.651
6492 8.0 4.009 18.662
6504 8.0 4.015 18.662
6300 134.0 1.227 18.525
6312 134.0 1.070 18.525
6324 134.0 0.970 18.525
6336 134.0 0.813 18.525
6348 134.0 0.699 18.525
6360 134.0 0.599 18.525
6372 134.0 0.442 18.525
6384 134.0 0.328 18.525
6396 134.0 0.303 18.454
6408 134.0 -0.004 18.632
6420 134.0 0.086 18.673
6432 134.0 0.279 18.438
6444 134.0 0.073 18.581
6456 134.0 0.371 18.437
6468 134.0 0.153 18.504
6480 134.0 -0.448 18.782
6492 134.0 -0.537 18.893
6504 134.0 -0.789 18.849
6516 134.0 -1.112 18.801
6528 134.0 -1.649 19.093
6360 157.0 -0.714 17.483
6372 157.0 -0.856 17.540
6384 157.0 -1.056 17.540
6396 157.0 -1.199 17.540
6408 157.0 -1.370 17.654
6420 157.0 -1.513 17.654
6432 157.0 -1.684 17.654
6444 157.0 -1.884 17.654
6456 157.0 -1.750 17.846
6468 157.0 -1.937 17.836
6480 157.0 -2.319 17.547
6492 157.0 -2.648 17.894
6504 157.0 -2.839 17.818
6516 157.0 -3.308 18.065
6528 157.0 -2.832 17.897
6540 157.0 -3.480 18.240
6552 157.0 -4.567 18.200
6564 157.0 -3.855 18.479
6576 157.0 -4.859 19.042
6588 157.0 -5.280 19.419
6420 128.0 16.840 19.566
6432 128.0 16.241 19.566
6444 128.0 15.770 19.680
6456 128.0 15.299 19.680
6468 128.0 14.728 19.680
6480 128.0 14.043 19.566
6492 128.0 13.415 19.566
6504 128.0 12.573 19.509
6516 128.0 13.297 19.101
6528 128.0 13.238 19.599
6540 128.0 12.777 19.980
6552 128.0 12.699 20.002
6564 128.0 12.930 20.318
6576 128.0 13.379 19.687
6588 128.0 12.999 20.310
6600 128.0 11.614 20.834
6612 128.0 11.876 21.324
6624 128.0 12.570 20.958
6636 128.0 11.488 21.152
6648 128.0 12.066 20.423
6480 127.0 -1.841 17.939
6492 127.0 -2.155 17.939
6504 127.0 -2.498 18.054
6516 127.0 -2.811 18.054
6528 127.0 -3.154 18.054
6540 127.0 -3.468 18.054
6552 127.0 -3.811 18.054
6564 127.0 -4.096 18.054
6576 127.0 -4.060 18.347
6588 127.0 -4.272 18.271
6600 127.0 -5.234 19.258
6612 127.0 -5.067 19.364
6624 127.0 -5.032 19.199
6636 127.0 -5.785 19.406
6648 127.0 -5.505 19.233
6660 127.0 -6.813 20.146
6672 127.0 -6.737 19.826
6684 127.0 -7.062 19.651
6696 127.0 -7.431 19.783
6708 127.0 -8.537 21.104
6516 9.0 3.896 18.624
6528 9.0 3.796 18.624
6540 9.0 3.696 18.624
6552 9.0 3.554 18.624
6564 9.0 3.454 18.624
6576 9.0 3.354 18.696
6588 9.0 3.240 18.696
6600 9.0 3.111 18.753
6612 9.0 3.022 18.692
6624 9.0 2.601 18.696
6636 9.0 2.886 18.805
6648 9.0 2.804 18.979
6660 9.0 2.434 19.262
6672 9.0 1.957 19.211
6684 9.0 1.617 19.330
6696 9.0 1.926 19.320
6708 9.0 1.530 19.475
6720 9.0 1.584 19.358
6732 9.0 0.666 19.681
6744 9.0 0.681 19.766
6540 135.0 -3.225 18.753
6552 135.0 -3.511 18.753
6564 135.0 -3.796 18.753
6576 135.0 -4.110 18.753
6588 135.0 -4.381 18.867
6600 135.0 -4.667 18.867
6612 135.0 -4.981 18.867
6624 135.0 -5.280 18.867
6636 135.0 -5.270 19.258
6648 135.0 -5.999 19.990
6660 135.0 -6.263 20.287
6672 135.0 -6.727 20.414
6684 135.0 -7.099 20.716
6696 135.0 -8.148 21.172
6708 135.0 -8.900 21.862
6720 135.0 -7.808 21.219
6732 135.0 -8.089 20.929
6744 135.0 -9.049 22.120
6756 135.0 -8.960 21.710
6768 135.0 -9.956 22.100
6600 158.0 -6.579 17.426
6612 158.0 -6.965 17.426
6624 158.0 -7.364 17.426
6636 158.0 -7.764 17.426
6648 158.0 -8.178 17.426
6660 158.0 -8.549 17.426
6672 158.0 -8.948 17.426
6684 158.0 -10.276 17.654
6696 158.0 -9.813 17.465
6708 158.0 -10.498 17.270
6720 158.0 -11.362 17.974
6732 158.0 -11.363 17.830
6744 158.0 -11.694 17.464
6756 158.0 -11.978 18.813
6768 158.0 -12.801 19.116
6780 158.0 -13.705 20.152
6792 158.0 -13.734 19.946
6804 158.0 -15.307 21.004
6816 158.0 -14.439 20.615
6828 158.0 -12.616 19.298
6660 129.0 2.412 19.680
6672 129.0 1.299 19.795
6684 129.0 0.157 20.023
6696 129.0 -1.042 20.251
6708 129.0 -1.527 20.251
6720 129.0 -1.898 20.137
6732 129.0 -2.312 20.137
6744 129.0 -2.726 20.023
6756 129.0 -2.033 20.163
6768 129.0 -2.393 20.281
6780 129.0 -2.766 20.849
6792 129.0 -4.109 20.777
6804 129.0 -2.218 19.076
6816 129.0 -1.548 18.884
6828 129.0 -4.677 22.230
6840 129.0 -0.780 18.324
6852 129.0 -2.408 20.296
6864 129.0 -3.348 23.376
6876 129.0 -2.669 22.311
6888 129.0 -5.609 23.759
6720 130.0 -10.233 18.111
6732 130.0 -10.176 17.996
6744 130.0 -10.176 17.882
6756 130.0 -10.119 17.768
6768 130.0 -10.119 17.654
6780 130.0 -10.061 17.654
6792 130.0 -10.061 17.540
6804 130.0 -10.318 17.540
6816 130.0 -10.279 17.631
6828 130.0 -10.259 17.238
6840 130.0 -10.394 17.392
6852 130.0 -10.312 17.131
6864 130.0 -10.212 16.851
6876 130.0 -10.254 16.639
6888 130.0 -10.280 15.843
6900 130.0 -10.120 15.962
6912 130.0 -10.240 15.383
6924 130.0 -10.064 15.219
6936 130.0 -10.309 14.033
6948 130.0 -10.336 14.151
6756 10.0 3.625 18.924
6768 10.0 3.882 18.924
6780 10.0 4.139 18.924
6792 10.0 3.967 18.924
6804 10.0 3.711 18.924
6816 10.0 3.397 18.924
6828 10.0 3.140 18.924
6840 10.0 2.826 18.810
6852 10.0 3.142 19.036
6864 10.0 2.946 19.071
6876 10.0 2.527 19.322
6888 10.0 2.610 19.407
6900 10.0 2.177 19.138
6912 10.0 2.238 19.301
6924 10.0 1.991 19.336
6936 10.0 2.033 18.991
6948 10.0 1.640 18.989
6960 10.0 1.797 19.298
6972 10.0 1.567 19.128
6984 10.0 2.278 18.497
6780 140.0 -9.762 18.981
6792 140.0 -9.705 18.981
6804 140.0 -9.962 18.867
6816 140.0 -10.333 18.867
6828 140.0 -10.647 18.867
6840 140.0 -11.018 18.753
6852 140.0 -11.374 18.753
6864 140.0 -11.731 18.639
6876 140.0 -11.241 19.105
6888 140.0 -11.686 18.885
6900 140.0 -11.823 19.192
6912 140.0 -12.053 18.897
6924 140.0 -11.952 19.063
6936 140.0 -13.000 19.580
6948 140.0 -12.665 19.489
6960 140.0 -12.101 19.741
6972 140.0 -12.979 19.963
6984 140.0 -13.159 20.077
6996 140.0 -14.267 20.722
7008 140.0 -13.790 20.380
6840 159.0 -12.902 17.083
6852 159.0 -13.215 17.083
6864 159.0 -13.572 17.083
6876 159.0 -13.901 17.083
6888 159.0 -14.257 17.083
6900 159.0 -14.628 17.083
6912 159.0 -14.942 17.083
6924 159.0 -15.299 17.083
6936 159.0 -15.395 17.523
6948 159.0 -14.557 17.144
6960 159.0 -15.005 16.755
6972 159.0 -14.840 17.233
6984 159.0 -15.585 17.852
6996 159.0 -16.025 17.900
7008 159.0 -16.664 17.606
7020 159.0 -16.464 16.959
7032 159.0 -17.341 17.833
7044 159.0 -17.061 17.674
7056 159.0 -18.238 18.336
7068 159.0 -18.123 18.440
6996 11.0 -0.942 18.567
7008 11.0 -1.227 18.510
7020 11.0 -1.541 18.510
7032 11.0 -1.855 18.510
7044 11.0 -2.141 18.567
7056 11.0 -2.469 18.567
7068 11.0 -2.811 18.624
7080 11.0 -3.125 18.624
7092 11.0 -2.726 18.581
7104 11.0 -3.467 19.132
7116 11.0 -4.167 19.085
7128 11.0 -4.123 18.842
7140 11.0 -4.575 19.216
7152 11.0 -4.804 19.083
7164 11.0 -5.301 19.647
7176 11.0 -5.425 19.533
7188 11.0 -5.044 19.449
7200 11.0 -5.358 19.688
7212 11.0 -6.455 20.600
7224 11.0 -6.230 19.749
7140 23.0 15.713 21.350
7152 23.0 15.199 21.008
7164 23.0 14.671 20.779
7176 23.0 14.143 20.437
7188 23.0 13.672 20.194
7200 23.0 13.144 19.966
7212 23.0 12.630 19.623
7224 23.0 12.159 19.381
7236 23.0 13.752 19.156
7248 23.0 12.550 19.676
7260 23.0 12.875 19.536
7272 23.0 11.895 19.878
7284 23.0 13.047 20.432
7296 23.0 12.641 21.041
7308 23.0 11.861 19.961
7320 23.0 11.876 20.683
7332 23.0 11.045 20.167
7344 23.0 10.451 20.820
7356 23.0 11.428 20.332
7368 23.0 13.035 21.189
7236 12.0 -7.150 18.924
7248 12.0 -7.478 18.924
7260 12.0 -7.792 18.924
7272 12.0 -8.106 18.981
7284 12.0 -8.420 18.981
7296 12.0 -8.706 19.038
7308 12.0 -9.048 19.038
7320 12.0 -9.362 19.038
7332 12.0 -9.468 19.235
7344 12.0 -10.025 19.440
7356 12.0 -9.327 19.517
7368 12.0 -10.079 19.707
7380 12.0 -10.599 19.657
7392 12.0 -11.713 20.334
7404 12.0 -11.859 20.423
7416 12.0 -12.082 20.672
7428 12.0 -12.707 21.051
7440 12.0 -12.693 20.560
7452 12.0 -13.974 21.329
7464 12.0 -12.778 20.043
7380 24.0 4.082 18.696
7392 24.0 3.454 18.696
7404 24.0 2.783 18.696
7416 24.0 2.141 18.696
7428 24.0 1.513 18.696
7440 24.0 0.885 18.696
7452 24.0 0.214 18.696
7464 24.0 -0.414 18.696
7476 24.0 0.911 19.018
7488 24.0 0.319 19.616
7500 24.0 0.706 18.806
7512 24.0 -0.144 18.935
7524 24.0 -1.019 19.845
7536 24.0 -1.140 20.185
7548 24.0 -1.986 20.449
7560 24.0 -3.478 21.465
7572 24.0 -1.547 20.376
7584 24.0 -1.421 20.384
7596 24.0 -1.691 20.527
7608 24.0 -2.332 19.713
7476 13.0 -13.401 19.324
7488 13.0 -13.715 19.324
7500 13.0 -13.744 19.381
7512 13.0 -14.257 19.152
7524 13.0 -14.728 18.924
7536 13.0 -15.256 18.739
7548 13.0 -15.656 18.624
7560 13.0 -16.013 18.624
7572 13.0 -15.875 19.235
7584 13.0 -15.548 19.381
7596 13.0 -15.743 19.157
7608 13.0 -15.137 19.204
7620 13.0 -15.462 19.124
7632 13.0 -15.606 19.236
7644 13.0 -15.849 19.337
7656 13.0 -15.761 19.441
7668 13.0 -15.887 19.540
7680 13.0 -15.976 19.248
7692 13.0 -15.700 19.667
7704 13.0 -16.403 19.414
7620 38.0 2.740 38.576
7632 38.0 3.054 38.119
7644 38.0 3.425 37.891
7656 38.0 3.768 37.663
7668 38.0 4.110 37.377
7680 38.0 4.481 37.092
7692 38.0 4.852 36.863
7704 38.0 5.209 36.549
7716 38.0 5.398 36.522
7728 38.0 6.274 35.760
7740 38.0 7.355 35.641
7752 38.0 6.910 35.661
7764 38.0 6.510 35.275
7776 38.0 6.716 35.512
7788 38.0 7.749 35.071
7800 38.0 7.956 35.038
7812 38.0 8.097 34.933
7824 38.0 9.554 34.432
7836 38.0 8.201 33.735
7848 38.0 9.600 33.924
7716 14.0 -19.752 19.110
7728 14.0 -19.809 19.110
7740 14.0 -19.837 19.109
7752 14.0 -19.827 19.104
7764 14.0 -19.818 19.099
7776 14.0 -19.809 19.094
7788 14.0 -19.800 19.089
7800 14.0 -19.791 19.083
7812 14.0 -19.788 19.023
7824 14.0 -19.764 18.943
7836 14.0 -19.772 19.031
7848 14.0 -19.776 18.980
7860 14.0 -19.768 18.928
7872 14.0 -19.700 18.971
7884 14.0 -19.809 19.001
7896 14.0 -19.832 19.102
7908 14.0 -19.808 19.071
7920 14.0 -19.787 19.000
7932 14.0 -19.810 19.000
7944 14.0 -19.794 19.019
7860 39.0 9.962 34.951
7872 39.0 10.318 34.951
7884 39.0 10.746 34.951
7896 39.0 11.160 34.951
7908 39.0 11.574 34.951
7920 39.0 12.002 34.951
7932 39.0 12.416 34.837
7944 39.0 12.787 34.837
7956 39.0 11.983 34.684
7968 39.0 12.816 35.055
7980 39.0 12.189 34.685
7992 39.0 12.697 34.867
8004 39.0 12.566 34.657
8016 39.0 12.500 34.369
8028 39.0 12.730 33.974
8040 39.0 12.993 34.229
8052 39.0 13.269 34.162
8064 39.0 14.079 34.243
8076 39.0 13.260 34.177
8088 39.0 14.699 34.106
7956 15.0 -19.672 19.016
7968 15.0 -19.663 19.011
7980 15.0 -19.654 19.005
7992 15.0 -19.645 19.000
8004 15.0 -19.636 18.995
8016 15.0 -19.627 18.990
8028 15.0 -19.617 18.985
8040 15.0 -19.608 18.980
8052 15.0 -19.607 19.033
8064 15.0 -19.558 18.897
8076 15.0 -19.569 18.888
8088 15.0 -19.519 18.907
8100 15.0 -19.502 18.721
8112 15.0 -19.563 18.754
8124 15.0 -19.552 18.787
8136 15.0 -19.589 18.765
8148 15.0 -19.572 18.865
8160 15.0 -19.631 18.788
8172 15.0 -19.527 18.795
8184 15.0 -19.515 18.858
8004 37.0 11.003 35.750
8016 37.0 11.317 35.750
8028 37.0 11.631 35.750
8040 37.0 11.945 35.636
8052 37.0 12.202 35.522
8064 37.0 12.673 35.522
8076 37.0 13.158 35.522
8088 37.0 13.315 35.522
8100 37.0 13.556 35.248
8112 37.0 13.371 35.268
8124 37.0 13.334 35.781
8136 37.0 13.136 35.695
8148 37.0 13.180 35.782
8160 37.0 13.635 35.492
8172 37.0 13.735 35.963
8184 37.0 13.524 35.747
8196 37.0 13.991 35.766
8208 37.0 14.576 35.620
8220 37.0 14.162 35.649
8232 37.0 14.219 35.317
8052 81.0 16.555 6.379
8064 81.0 15.984 6.379
8076 81.0 15.413 6.379
8088 81.0 14.828 6.379
8100 81.0 14.243 6.379
8112 81.0 13.672 6.379
8124 81.0 13.101 6.379
8136 81.0 12.530 6.379
8148 81.0 13.504 6.279
8160 81.0 12.435 7.335
8172 81.0 12.912 7.120
8184 81.0 12.529 7.122
8196 81.0 11.507 7.654
8208 81.0 11.407 7.927
8220 81.0 11.571 8.255
8232 81.0 10.628 8.861
8244 81.0 10.491 8.714
8256 81.0 10.105 9.262
8268 81.0 8.919 9.801
8280 81.0 11.221 9.266
8196 16.0 -19.489 18.912
8208 16.0 -19.480 18.907
8220 16.0 -19.471 18.902
8232 16.0 -19.462 18.897
8244 16.0 -19.453 18.892
8256 16.0 -19.444 18.886
8268 16.0 -19.434 18.881
8280 16.0 -19.425 18.876
8292 16.0 -19.399 18.803
8304 16.0 -19.370 18.817
8316 16.0 -19.498 18.859
8328 16.0 -19.534 18.851
8340 16.0 -19.535 18.904
8352 16.0 -19.565 18.866
8364 16.0 -19.577 18.875
8376 16.0 -19.568 18.910
8388 16.0 -19.596 18.872
8400 16.0 -19.572 18.930
8412 16.0 -19.579 18.962
8424 16.0 -19.596 18.927
8292 82.0 4.767 6.265
8304 82.0 4.139 6.265
8316 82.0 3.511 6.265
8328 82.0 2.883 6.265
8340 82.0 2.312 6.265
8352 82.0 1.727 6.265
8364 82.0 1.142 6.265
8376 82.0 0.628 6.379
8388 82.0 1.670 7.076
8400 82.0 0.905 7.213
8412 82.0 0.711 7.761
8424 82.0 1.814 7.142
8436 82.0 0.527 7.877
8448 82.0 0.289 7.934
8460 82.0 -0.399 8.583
8472 82.0 -0.993 9.149
8484 82.0 -1.188 8.939
8496 82.0 -1.734 9.250
8508 82.0 -1.312 9.398
8520 82.0 -2.497 9.647
8436 17.0 -12.074 19.224
8448 17.0 -11.446 19.224
8460 17.0 -10.818 19.224
8472 17.0 -10.190 19.224
8484 17.0 -9.562 19.224
8496 17.0 -8.934 19.224
8508 17.0 -8.363 19.053
8520 17.0 -7.749 18.867
8532 17.0 -8.615 19.782
8544 17.0 -9.243 19.205
8556 17.0 -8.516 19.508
8568 17.0 -9.353 19.272
8580 17.0 -8.801 19.559
8592 17.0 -9.156 19.734
8604 17.0 -8.861 19.285
8616 17.0 -7.635 18.694
8628 17.0 -8.381 19.071
8640 17.0 -8.086 19.050
8652 17.0 -8.417 19.258
8664 17.0 -9.449 19.639
8532 83.0 -7.179 6.551
8544 83.0 -7.807 6.322
8556 83.0 -8.377 5.980
8568 83.0 -9.005 5.923
8580 83.0 -9.662 5.980
8592 83.0 -10.304 6.037
8604 83.0 -10.961 6.094
8616 83.0 -11.589 6.037
8628 83.0 -9.708 6.029
8640 83.0 -10.619 5.844
8652 83.0 -10.892 6.435
8664 83.0 -9.780 5.873
8676 83.0 -11.344 6.716
8688 83.0 -9.943 5.979
8700 83.0 -11.289 6.146
8712 83.0 -10.746 5.279
8724 83.0 -11.843 6.436
8736 83.0 -10.768 5.546
8748 83.0 -13.269 7.522
8760 83.0 -13.012 5.360
8676 18.0 0.271 18.339
8688 18.0 0.842 18.339
8700 18.0 1.470 18.225
8712 18.0 2.098 18.225
8724 18.0 2.669 18.225
8736 18.0 3.297 18.339
8748 18.0 3.868 18.453
8760 18.0 4.453 18.567
8772 18.0 3.782 18.679
8784 18.0 3.840 17.886
8796 18.0 4.310 18.277
8808 18.0 4.472 17.964
8820 18.0 3.803 18.403
8832 18.0 2.814 19.388
8844 18.0 3.998 18.681
8856 18.0 4.630 18.422
8868 18.0 3.828 18.603
8880 18.0 3.919 18.588
8892 18.0 4.641 18.181
8904 18.0 4.091 18.639
8820 2.0 16.113 23.719
8832 2.0 16.041 22.906
8844 2.0 15.956 22.107
8856 2.0 15.899 21.365
8868 2.0 15.827 20.537
8880 2.0 15.770 19.852
8892 2.0 15.456 19.167
8904 2.0 15.142 18.453
8916 2.0 15.586 18.908
8928 2.0 15.891 18.040
8940 2.0 15.694 18.255
8952 2.0 15.629 16.411
8964 2.0 15.568 15.837
8976 2.0 15.659 15.841
8988 2.0 15.614 15.954
9000 2.0 15.200 16.697
9012 2.0 15.048 13.928
9024 2.0 15.914 15.569
9036 2.0 16.024 20.221
9048 2.0 15.459 21.317
9060 3.0 11.060 10.946
9072 3.0 10.433 10.375
9084 3.0 9.862 9.904
9096 3.0 9.248 9.319
9108 3.0 8.663 8.748
9120 3.0 8.035 8.178
9132 3.0 10.147 10.133
9144 3.0 7.022 7.407
9156 3.0 8.834 8.621
9168 3.0 8.826 9.053
9180 3.0 8.923 8.639
9192 3.0 8.176 8.429
9204 3.0 7.950 7.950
9216 3.0 9.396 8.357
9228 3.0 8.040 7.991
9240 3.0 8.722 8.318
9252 3.0 8.566 8.346
9264 3.0 8.857 9.252
9276 3.0 8.961 8.038
9288 3.0 8.571 8.178
9108 19.0 14.971 7.350
9120 19.0 14.172 7.122
9132 19.0 13.430 7.007
9144 19.0 12.802 6.893
9156 19.0 12.174 6.665
9168 19.0 11.603 6.551
9180 19.0 11.089 6.436
9192 19.0 10.547 6.322
9204 19.0 10.045 6.192
9216 19.0 10.862 8.394
9228 19.0 8.723 9.114
9240 19.0 10.287 6.456
9252 19.0 5.695 10.329
9264 19.0 7.296 8.205
9276 19.0 11.033 5.990
9288 19.0 8.664 8.489
9300 19.0 5.905 11.009
9312 19.0 7.392 7.340
9324 19.0 9.415 6.926
9336 19.0 9.037 8.873
9300 4.0 0.842 -1.727
9312 4.0 0.842 -1.727
9324 4.0 0.842 -1.727
9336 4.0 0.842 -1.727
9348 4.0 0.842 -1.727
9360 4.0 0.842 -1.727
9372 4.0 0.842 -1.727
9384 4.0 0.842 -1.727
9396 4.0 0.825 -1.731
9408 4.0 0.831 -1.721
9420 4.0 0.860 -1.709
9432 4.0 0.889 -1.758
9444 4.0 0.876 -1.786
9456 4.0 0.843 -1.811
9468 4.0 0.756 -1.848
9480 4.0 0.817 -1.847
9492 4.0 0.857 -1.832
9504 4.0 0.869 -1.896
9516 4.0 0.856 -1.873
9528 4.0 0.923 -1.916
9456 27.0 -18.867 18.054
9468 27.0 -18.239 18.111
9480 27.0 -17.611 18.225
9492 27.0 -17.083 18.168
9504 27.0 -16.569 18.054
9516 27.0 -16.041 17.939
9528 27.0 -15.513 17.768
9540 27.0 -14.957 17.711
9552 27.0 -15.686 17.913
9564 27.0 -15.328 17.746
9576 27.0 -14.994 17.349
9588 27.0 -15.564 17.804
9600 27.0 -16.054 18.125
9612 27.0 -15.268 18.025
9624 27.0 -15.467 17.979
9636 27.0 -16.066 17.705
9648 27.0 -15.476 18.197
9660 27.0 -15.152 18.159
9672 27.0 -15.348 18.069
9684 27.0 -14.837 17.882
9456 111.0 -18.353 17.197
9468 111.0 -17.754 17.197
9480 111.0 -17.183 17.197
9492 111.0 -16.612 17.083
9504 111.0 -16.141 16.840
9516 111.0 -15.727 16.840
9528 111.0 -15.342 16.726
9540 111.0 -14.800 16.840
9552 111.0 -15.282 16.336
9564 111.0 -16.133 16.294
9576 111.0 -16.281 16.608
9588 111.0 -15.405 16.377
9600 111.0 -15.158 16.311
9612 111.0 -15.005 16.560
9624 111.0 -14.708 16.226
9636 111.0 -15.030 16.342
9648 111.0 -15.137 16.224
9660 111.0 -14.777 16.044
9672 111.0 -14.685 15.700
9684 111.0 -14.243 15.517
9696 28.0 -7.592 17.996
9708 28.0 -7.136 17.996
9720 28.0 -6.708 17.996
9732 28.0 -6.251 18.111
9744 28.0 -5.709 18.111
9756 28.0 -5.195 18.111
9768 28.0 -4.710 18.111
9780 28.0 -4.196 18.111
9792 28.0 -5.139 17.706
9804 28.0 -4.400 17.297
9816 28.0 -4.022 17.192
9828 28.0 -4.029 17.280
9840 28.0 -3.133 17.264
9852 28.0 -2.186 16.643
9864 28.0 -3.942 16.939
9876 28.0 -2.338 16.190
9888 28.0 -3.153 16.290
9900 28.0 -0.916 16.168
9912 28.0 -2.358 15.886
9924 28.0 -1.141 15.443
9696 112.0 -7.407 16.969
9708 112.0 -6.950 16.840
9720 112.0 -6.522 16.840
9732 112.0 -6.108 16.840
9744 112.0 -5.751 16.969
9756 112.0 -5.380 16.969
9768 112.0 -4.895 17.083
9780 112.0 -4.324 17.083
9792 112.0 -5.453 17.223
9804 112.0 -5.678 16.707
9816 112.0 -5.425 17.324
9828 112.0 -5.052 16.987
9840 112.0 -4.443 16.644
9852 112.0 -4.674 16.917
9864 112.0 -3.733 17.060
9876 112.0 -4.050 16.808
9888 112.0 -3.768 16.415
9900 112.0 -3.537 16.826
9912 112.0 -2.853 16.719
9924 112.0 -2.916 16.500
9936 29.0 3.083 18.111
9948 29.0 3.397 18.111
9960 29.0 3.654 18.111
9972 29.0 4.139 18.111
9984 29.0 4.710 18.111
9996 29.0 5.338 18.111
10008 29.0 5.837 17.939
10020 29.0 6.294 17.882
10032 29.0 5.423 18.248
10044 29.0 5.847 17.990
10056 29.0 5.090 18.299
10068 29.0 5.616 18.467
10080 29.0 6.577 18.418
10092 29.0 6.442 18.072
10104 29.0 6.223 18.651
10116 29.0 7.085 18.259
10128 29.0 7.447 18.645
10140 29.0 6.805 18.671
10152 29.0 6.656 18.543
10164 29.0 7.169 18.190
9936 113.0 3.354 17.197
9948 113.0 3.668 17.197
9960 113.0 3.925 17.197
9972 113.0 4.353 16.969
9984 113.0 4.810 16.840
9996 113.0 5.181 16.726
10008 113.0 5.580 16.726
10020 113.0 6.194 16.840
10032 113.0 5.317 16.775
10044 113.0 5.931 17.078
10056 113.0 5.809 17.066
10068 113.0 5.972 16.861
10080 113.0 6.398 16.896
10092 113.0 6.014 16.452
10104 113.0 7.282 16.563
10116 113.0 7.444 16.184
10128 113.0 7.352 16.296
10140 113.0 7.787 16.458
10152 113.0 8.262 15.678
10164 113.0 8.086 15.586
10308 144.0 -20.180 19.252
10320 144.0 -19.837 18.339
10332 144.0 -19.566 18.396
10344 144.0 -19.295 18.510
10356 144.0 -18.838 18.739
10368 144.0 -18.325 18.739
10380 144.0 -17.740 18.739
10392 144.0 -17.169 18.739
10404 144.0 -17.405 18.180
10416 144.0 -17.391 18.447
10428 144.0 -17.735 18.333
10440 144.0 -17.562 18.737
10452 144.0 -17.355 18.311
10464 144.0 -16.466 18.733
10476 144.0 -14.740 18.246
10488 144.0 -14.097 16.859
10500 144.0 -15.026 18.413
10512 144.0 -14.114 17.827
10524 144.0 -14.183 17.757
10536 144.0 -14.790 18.203
10452 75.0 -20.094 18.054
10464 75.0 -19.880 18.168
10476 75.0 -19.595 18.111
10488 75.0 -19.181 18.054
10500 75.0 -18.582 18.054
10512 75.0 -18.068 17.996
10524 75.0 -17.483 18.054
10536 75.0 -16.912 18.111
10548 75.0 -16.486 18.101
10560 75.0 -16.332 17.849
10572 75.0 -17.020 18.117
10584 75.0 -16.307 17.777
10596 75.0 -17.548 18.074
10608 75.0 -16.794 17.641
10620 75.0 -16.419 17.946
10632 75.0 -16.129 18.025
10644 75.0 -15.842 17.723
10656 75.0 -16.388 17.875
10668 75.0 -15.723 17.990
10680 75.0 -16.210 18.093
10548 145.0 -9.933 17.825
10560 145.0 -9.462 17.711
10572 145.0 -8.963 17.597
10584 145.0 -8.520 17.311
10596 145.0 -8.106 16.840
10608 145.0 -7.735 16.270
10620 145.0 -7.307 15.799
10632 145.0 -6.936 15.342
10644 145.0 -6.454 15.164
10656 145.0 -7.400 15.785
10668 145.0 -6.507 15.231
10680 145.0 -6.403 15.089
10692 145.0 -5.391 14.711
10704 145.0 -3.930 13.947
10716 145.0 -4.242 14.192
10728 145.0 -4.597 14.764
10740 145.0 -5.189 14.933
10752 145.0 -3.845 13.595
10764 145.0 -6.790 14.874
10776 145.0 -7.135 16.422
10692 76.0 -9.676 18.168
10704 76.0 -9.091 18.168
10716 76.0 -8.520 18.054
10728 76.0 -7.935 17.939
10740 76.0 -7.364 17.825
10752 76.0 -6.836 17.711
10764 76.0 -6.265 17.711
10776 76.0 -5.737 17.711
10788 76.0 -5.784 17.242
10800 76.0 -5.844 16.683
10812 76.0 -5.578 15.926
10824 76.0 -5.408 16.225
10836 76.0 -4.480 15.718
10848 76.0 -3.798 16.235
10860 76.0 -4.193 16.334
10872 76.0 -4.757 16.786
10884 76.0 -4.469 15.840
10896 76.0 -3.941 15.713
10908 76.0 -2.603 15.068
10920 76.0 -2.064 14.708
10788 146.0 -2.655 8.977
10800 146.0 -2.226 8.520
10812 146.0 -1.798 8.049
10824 146.0 -1.342 7.707
10836 146.0 -0.813 7.592
10848 146.0 -0.228 7.364
10860 146.0 0.285 7.236
10872 146.0 0.856 7.122
10884 146.0 0.824 6.801
10896 146.0 0.468 6.802
10908 146.0 1.414 6.143
10920 146.0 1.645 5.848
10932 146.0 2.090 5.723
10944 146.0 2.974 5.287
10956 146.0 2.950 5.482
10968 146.0 2.779 4.922
10980 146.0 2.670 5.798
10992 146.0 2.226 6.091
11004 146.0 3.175 5.172
11016 146.0 2.809 5.400
10932 77.0 1.912 18.282
10944 77.0 2.483 18.282
10956 77.0 3.068 18.168
10968 77.0 3.582 18.054
10980 77.0 4.167 18.054
10992 77.0 4.738 17.939
11004 77.0 5.338 17.882
11016 77.0 5.980 17.825
11028 77.0 5.868 17.273
11040 77.0 5.021 17.058
11052 77.0 4.669 17.421
11064 77.0 6.074 17.054
11076 77.0 6.576 16.750
11088 77.0 6.516 17.161
11100 77.0 5.567 17.047
11112 77.0 6.529 16.768
11124 77.0 6.476 16.509
11136 77.0 6.870 16.486
11148 77.0 7.811 15.821
11160 77.0 8.654 15.664
12072 166.0 16.427 4.981
12084 166.0 15.856 4.981
12096 166.0 15.328 5.095
12108 166.0 14.800 5.095
12120 166.0 14.229 5.209
12132 166.0 13.715 5.209
12144 166.0 13.116 5.338
12156 166.0 12.602 5.338
12168 166.0 13.351 5.587
12180 166.0 13.752 5.574
12192 166.0 14.046 5.591
12204 166.0 12.719 6.041
12216 166.0 12.137 6.503
12228 166.0 12.296 6.850
12240 166.0 11.422 7.417
12252 166.0 11.443 7.559
12264 166.0 10.425 8.050
12276 166.0 10.077 8.561
12288 166.0 9.254 9.181
12300 166.0 9.219 8.963
12312 168.0 3.211 5.095
12324 168.0 2.440 5.095
12336 168.0 1.641 5.095
12348 168.0 0.871 5.095
12360 168.0 0.071 5.095
12372 168.0 -0.699 5.095
12384 168.0 -1.499 5.095
12396 168.0 -2.269 5.095
12408 168.0 -3.030 6.677
12420 168.0 -1.530 6.201
12432 168.0 -2.487 6.392
12444 168.0 -3.462 6.977
12456 168.0 -2.809 6.489
12468 168.0 -3.926 7.122
12480 168.0 -3.900 7.371
12492 168.0 -2.933 5.587
12504 168.0 -2.514 5.035
12516 168.0 -1.244 5.654
12528 168.0 -4.106 7.479
12540 168.0 -2.755 5.655
12360 121.0 -19.495 6.608
12372 121.0 -19.081 6.722
12384 121.0 -18.610 6.836
12396 121.0 -18.139 7.079
12408 121.0 -17.711 7.193
12420 121.0 -17.254 7.307
12432 121.0 -16.769 7.535
12444 121.0 -16.255 7.535
12456 121.0 -16.755 6.996
12468 121.0 -17.221 7.160
12480 121.0 -16.799 7.262
12492 121.0 -16.790 7.532
12504 121.0 -16.082 7.240
12516 121.0 -16.303 7.325
12528 121.0 -16.456 7.187
12540 121.0 -16.802 6.949
12552 121.0 -15.980 7.262
12564 121.0 -16.277 7.286
12576 121.0 -16.103 7.077
12588 121.0 -16.108 7.113
12480 45.0 16.598 6.950
12492 45.0 16.369 7.407
12504 45.0 16.113 7.992
12516 45.0 15.799 8.463
12528 45.0 15.428 8.920
12540 45.0 15.085 9.376
12552 45.0 14.743 9.847
12564 45.0 14.371 10.304
12576 45.0 13.945 10.400
12588 45.0 14.129 9.972
12600 45.0 14.321 10.146
12612 45.0 13.112 11.239
12624 45.0 13.719 10.854
12636 45.0 13.160 11.064
12648 45.0 13.044 11.265
12660 45.0 13.211 11.457
12672 45.0 12.797 12.397
12684 45.0 12.892 12.869
12696 45.0 11.636 13.750
12708 45.0 13.308 13.014
12600 122.0 -6.750 7.179
12612 122.0 -5.809 7.179
12624 122.0 -4.867 7.179
12636 122.0 -4.096 7.179
12648 122.0 -3.468 7.179
12660 122.0 -2.840 7.236
12672 122.0 -2.212 7.236
12684 122.0 -1.627 7.236
12696 122.0 -2.953 7.970
12708 122.0 -3.238 7.873
12720 122.0 -2.540 7.456
12732 122.0 -2.733 7.354
12744 122.0 -2.013 7.178
12756 122.0 -2.564 7.296
12768 122.0 -2.594 7.620
12780 122.0 -2.528 7.405
12792 122.0 -2.771 7.704
12804 122.0 -2.489 7.133
12816 122.0 -2.634 7.469
12828 122.0 -3.357 7.285
12720 46.0 9.462 16.270
12732 46.0 8.991 16.726
12744 46.0 8.534 17.197
12756 46.0 8.121 17.540
12768 46.0 7.807 17.768
12780 46.0 7.493 18.111
12792 46.0 7.122 18.339
12804 46.0 6.808 18.582
12816 46.0 5.953 18.857
12828 46.0 5.649 18.980
12840 46.0 5.330 18.889
12852 46.0 5.016 19.213
12864 46.0 4.327 19.804
12876 46.0 4.230 19.800
12888 46.0 4.659 19.217
12900 46.0 4.251 19.751
12912 46.0 2.841 20.809
12924 46.0 3.053 20.295
12936 46.0 2.430 20.496
12948 46.0 4.173 19.724
12840 123.0 5.809 6.665
12852 123.0 6.379 6.665
12864 123.0 6.979 6.665
12876 123.0 7.550 6.665
12888 123.0 8.178 6.665
12900 123.0 8.748 6.665
12912 123.0 9.319 6.665
12924 123.0 9.890 6.665
12936 123.0 9.098 6.447
12948 123.0 9.517 6.127
12960 123.0 10.572 5.482
12972 123.0 10.670 6.005
12984 123.0 9.349 6.559
12996 123.0 9.859 5.495
13008 123.0 9.897 5.869
13020 123.0 10.260 6.218
13032 123.0 10.612 6.586
13044 123.0 10.616 5.734
13056 123.0 11.183 6.206
13068 123.0 10.380 6.143
12960 47.0 -0.457 19.395
12972 47.0 -1.028 19.509
12984 47.0 -1.627 19.509
12996 47.0 -2.198 19.509
13008 47.0 -2.797 19.566
13020 47.0 -3.468 19.680
13032 47.0 -4.124 19.738
13044 47.0 -4.767 19.795
13056 47.0 -4.359 20.342
13068 47.0 -4.788 20.970
13080 47.0 -5.907 21.261
13092 47.0 -5.923 21.355
13104 47.0 -6.106 21.448
13116 47.0 -6.311 21.311
13128 47.0 -6.869 21.669
13140 47.0 -6.895 21.908
13152 47.0 -8.029 22.255
13164 47.0 -4.465 20.058
13176 47.0 -5.616 21.768
13188 47.0 -5.054 21.073
13068 167.0 -19.466 18.168
13080 167.0 -17.797 18.168
13092 167.0 -16.070 18.168
13104 167.0 -14.386 18.168
13116 167.0 -12.659 18.168
13128 167.0 -10.932 18.168
13140 167.0 -9.305 18.054
13152 167.0 -7.778 18.054
13164 167.0 -13.944 17.352
13176 167.0 -14.082 17.194
13188 167.0 -14.685 17.453
13200 167.0 -14.434 17.674
13212 167.0 -14.872 17.517
13224 167.0 -15.311 17.591
13236 167.0 -14.323 17.228
13248 167.0 -13.233 16.484
13260 167.0 -8.347 15.254
13272 167.0 -15.546 16.475
13284 167.0 -9.893 14.780
13296 167.0 -15.192 17.727
13188 51.0 16.840 31.826
13200 51.0 16.798 31.826
13212 51.0 16.741 31.826
13224 51.0 16.641 31.826
13236 51.0 16.584 31.826
13248 51.0 16.526 31.826
13260 51.0 16.526 31.940
13272 51.0 16.526 31.940
13284 51.0 16.536 31.875
13296 51.0 16.573 31.879
13308 51.0 16.473 31.925
13320 51.0 16.479 31.929
13332 51.0 16.635 31.991
13344 51.0 16.606 31.999
13356 51.0 16.467 32.001
13368 51.0 16.745 31.893
13380 51.0 16.751 31.954
13392 51.0 16.693 32.064
13404 51.0 16.701 32.010
13416 51.0 16.756 31.951
13200 48.0 -12.331 20.194
13212 48.0 -12.902 20.194
13224 48.0 -13.472 20.080
13236 48.0 -14.043 20.080
13248 48.0 -14.614 20.080
13260 48.0 -15.213 20.080
13272 48.0 -15.784 20.080
13284 48.0 -16.355 20.080
13296 48.0 -15.282 19.671
13308 48.0 -15.844 20.172
13320 48.0 -16.024 20.259
13332 48.0 -16.597 21.168
13344 48.0 -17.375 21.226
13356 48.0 -16.394 21.120
13368 48.0 -16.199 21.490
13380 48.0 -17.505 21.413
13392 48.0 -18.406 21.917
13404 48.0 -19.123 22.546
13416 48.0 -18.842 22.920
13428 48.0 -18.657 22.640
13428 52.0 16.526 31.940
13440 52.0 16.526 31.940
13452 52.0 16.526 31.940
13464 52.0 16.526 31.940
13476 52.0 16.526 31.940
13488 52.0 16.526 31.940
13500 52.0 16.526 31.940
13512 52.0 16.484 31.883
13524 52.0 16.517 31.895
13536 52.0 16.477 31.942
13548 52.0 16.492 31.921
13560 52.0 16.500 31.954
13572 52.0 16.523 31.952
13584 52.0 16.481 31.915
13596 52.0 16.425 31.917
13608 52.0 16.444 31.898
13620 52.0 16.481 31.947
13632 52.0 16.487 31.929
13644 52.0 16.563 31.909
13656 52.0 16.584 31.872
13440 49.0 -19.568 20.033
13452 49.0 -19.546 20.026
13464 49.0 -19.524 20.019
13476 49.0 -19.503 20.013
13488 49.0 -19.481 20.006
13500 49.0 -19.459 20.000
13512 49.0 -19.438 19.993
13524 49.0 -19.416 19.986
13536 49.0 -19.392 19.871
13548 49.0 -19.328 19.832
13560 49.0 -19.395 19.910
13572 49.0 -19.309 19.891
13584 49.0 -19.170 19.839
13596 49.0 -19.175 19.914
13608 49.0 -19.017 19.884
13620 49.0 -19.008 19.865
13632 49.0 -18.932 19.717
13644 49.0 -18.610 19.574
13656 49.0 -18.327 19.351
13668 49.0 -18.427 19.468
13524 42.0 16.869 28.301
13536 42.0 16.741 27.715
13548 42.0 16.626 27.130
13560 42.0 16.512 26.616
13572 42.0 16.369 26.046
13584 42.0 16.270 25.460
13596 42.0 16.113 24.875
13608 42.0 15.984 24.247
13620 42.0 16.568 24.133
13632 42.0 16.293 23.555
13644 42.0 16.709 23.801
13656 42.0 16.327 23.015
13668 42.0 16.264 22.031
13680 42.0 16.069 19.662
13692 42.0 16.326 20.909
13704 42.0 15.679 18.707
13716 42.0 16.396 21.100
13728 42.0 16.503 19.193
13740 42.0 17.129 21.217
13752 42.0 15.994 19.656
13668 53.0 16.398 31.868
13680 53.0 16.398 31.868
13692 53.0 16.398 31.868
13704 53.0 16.369 31.868
13716 53.0 16.369 31.868
13728 53.0 16.369 31.868
13740 53.0 16.369 31.868
13752 53.0 16.341 31.926
13764 53.0 16.344 31.946
13776 53.0 16.407 32.001
13788 53.0 16.394 31.875
13800 53.0 16.485 31.821
13812 53.0 16.517 31.800
13824 53.0 16.534 31.847
13836 53.0 16.474 31.777
13848 53.0 16.473 31.780
13860 53.0 16.483 31.782
13872 53.0 16.543 31.741
13884 53.0 16.518 31.693
13896 53.0 16.558 31.714
13680 50.0 -19.134 19.900
13692 50.0 -19.112 19.894
13704 50.0 -19.090 19.887
13716 50.0 -19.069 19.881
13728 50.0 -19.047 19.874
13740 50.0 -19.025 19.867
13752 50.0 -19.003 19.861
13764 50.0 -18.982 19.854
13776 50.0 -19.067 19.823
13788 50.0 -19.072 19.820
13800 50.0 -19.049 19.777
13812 50.0 -19.082 19.785
13824 50.0 -19.072 19.806
13836 50.0 -19.080 19.800
13848 50.0 -19.090 19.787
13860 50.0 -19.074 19.741
13872 50.0 -19.049 19.830
13884 50.0 -18.965 19.724
13896 50.0 -18.937 19.788
13908 50.0 -18.925 19.809
13764 43.0 12.216 17.426
13776 43.0 11.474 17.197
13788 43.0 11.003 16.855
13800 43.0 10.475 16.498
13812 43.0 9.790 16.255
13824 43.0 9.162 16.369
13836 43.0 8.763 15.913
13848 43.0 8.335 15.570
13860 43.0 9.678 15.467
13872 43.0 9.051 15.279
13884 43.0 9.089 15.647
13896 43.0 8.898 15.080
13908 43.0 9.268 15.596
13920 43.0 7.728 17.146
13932 43.0 8.641 15.987
13944 43.0 10.846 16.221
13956 43.0 9.442 16.021
13968 43.0 9.847 15.725
13980 43.0 9.160 16.154
13992 43.0 9.552 16.118
