0 6.0 -15.695 34.138
12 6.0 -15.695 34.138
24 6.0 -15.695 34.138
36 6.0 -15.695 34.138
48 6.0 -15.695 34.138
60 6.0 -15.695 34.138
72 6.0 -15.695 34.138
84 6.0 -15.695 34.138
96 6.0 -15.689 34.096
108 6.0 -15.718 34.070
120 6.0 -15.728 34.076
132 6.0 -15.764 34.139
144 6.0 -15.648 34.115
156 6.0 -15.670 34.085
168 6.0 -15.679 34.059
180 6.0 -15.673 34.070
192 6.0 -15.616 34.056
204 6.0 -15.645 34.037
216 6.0 -15.713 34.059
228 6.0 -15.687 34.044
0 15.0 -8.722 41.385
12 15.0 -8.665 41.312
24 15.0 -8.607 41.312
36 15.0 -8.549 41.312
48 15.0 -8.491 41.312
60 15.0 -8.433 41.312
72 15.0 -8.375 41.312
84 15.0 -8.317 41.312
96 15.0 -8.432 41.433
108 15.0 -8.222 41.346
120 15.0 -8.194 41.250
132 15.0 -8.177 41.286
144 15.0 -8.296 41.096
156 15.0 -7.885 41.045
168 15.0 -7.579 40.804
180 15.0 -7.914 40.757
192 15.0 -7.211 40.834
204 15.0 -6.904 40.454
216 15.0 -6.225 40.498
228 15.0 -6.622 40.152
0 22.0 -6.061 28.786
12 22.0 -5.829 27.802
24 22.0 -5.598 26.847
36 22.0 -5.381 25.864
48 22.0 -5.164 24.894
60 22.0 -4.875 23.925
72 22.0 -4.643 22.942
84 22.0 -4.643 21.972
96 22.0 -5.228 23.292
108 22.0 -4.774 20.713
120 22.0 -4.364 20.036
132 22.0 -4.857 22.988
144 22.0 -5.038 20.927
156 22.0 -4.730 21.962
168 22.0 -4.607 21.086
180 22.0 -5.107 20.464
192 22.0 -5.777 22.133
204 22.0 -5.240 19.928
216 22.0 -6.195 19.622
228 22.0 -6.533 24.309
0 24.0 6.929 9.807
12 24.0 7.218 9.561
24 24.0 7.565 9.431
36 24.0 7.912 9.316
48 24.0 8.260 9.200
60 24.0 8.607 9.070
72 24.0 8.925 8.954
84 24.0 9.272 8.824
96 24.0 9.661 8.530
108 24.0 9.798 8.096
120 24.0 10.593 7.988
132 24.0 10.269 8.050
144 24.0 11.373 7.113
156 24.0 10.789 6.915
168 24.0 11.469 6.822
180 24.0 10.674 7.476
192 24.0 12.275 6.277
204 24.0 13.908 5.609
216 24.0 12.266 6.943
228 24.0 12.405 6.612
0 50.0 -5.584 17.532
12 50.0 -5.627 18.023
24 50.0 -5.685 18.631
36 50.0 -5.743 19.239
48 50.0 -5.800 19.730
60 50.0 -5.858 20.338
72 50.0 -5.916 20.945
84 50.0 -5.974 21.423
96 50.0 -6.049 20.861
108 50.0 -6.008 21.740
120 50.0 -5.788 22.565
132 50.0 -6.254 22.783
144 50.0 -6.023 23.155
156 50.0 -6.076 23.163
168 50.0 -6.295 23.522
180 50.0 -6.208 23.999
192 50.0 -6.415 24.264
204 50.0 -5.930 25.579
216 50.0 -6.000 24.627
228 50.0 -6.023 23.861
36 64.0 -8.288 40.083
48 64.0 -8.578 39.186
60 64.0 -8.578 38.578
72 64.0 -8.636 38.087
84 64.0 -8.636 37.609
96 64.0 -8.694 37.117
108 64.0 -8.694 36.582
120 64.0 -8.737 36.033
132 64.0 -8.445 35.881
144 64.0 -8.352 35.698
156 64.0 -8.581 34.873
168 64.0 -8.454 34.965
180 64.0 -8.466 34.148
192 64.0 -8.541 33.957
204 64.0 -8.566 34.023
216 64.0 -8.506 34.655
228 64.0 -8.341 32.939
240 64.0 -8.261 31.254
252 64.0 -8.665 34.578
264 64.0 -8.910 32.960
240 7.0 -15.695 34.138
252 7.0 -15.695 34.138
264 7.0 -15.695 34.138
276 7.0 -15.695 34.138
288 7.0 -15.695 34.138
300 7.0 -15.695 34.138
312 7.0 -15.695 34.138
324 7.0 -15.695 34.138
336 7.0 -15.666 34.124
348 7.0 -15.632 34.138
360 7.0 -15.639 34.118
372 7.0 -15.570 34.175
384 7.0 -15.566 34.174
396 7.0 -15.498 34.109
408 7.0 -15.504 34.026
420 7.0 -15.350 33.964
432 7.0 -15.372 34.017
444 7.0 -15.269 33.962
456 7.0 -15.009 33.824
468 7.0 -14.913 33.721
240 16.0 -7.233 37.175
252 16.0 -7.117 36.568
264 16.0 -7.016 35.960
276 16.0 -6.958 35.353
288 16.0 -6.842 34.745
300 16.0 -6.726 34.138
312 16.0 -6.611 33.530
324 16.0 -6.495 32.923
336 16.0 -6.824 31.719
348 16.0 -6.423 33.451
360 16.0 -6.818 32.280
372 16.0 -6.519 32.222
384 16.0 -6.200 30.318
396 16.0 -6.320 30.457
408 16.0 -6.089 32.260
420 16.0 -6.393 28.108
432 16.0 -6.381 30.689
444 16.0 -6.108 30.806
456 16.0 -6.028 27.395
468 16.0 -6.532 29.746
240 23.0 -15.347 11.630
252 23.0 -16.881 11.514
264 23.0 -18.298 11.138
276 23.0 -19.456 10.776
288 23.0 -19.213 11.064
300 23.0 -18.485 11.620
312 23.0 -17.757 12.177
324 23.0 -17.029 12.733
336 23.0 -18.657 12.096
348 23.0 -19.816 12.419
360 23.0 -20.098 12.814
372 23.0 -19.985 11.605
384 23.0 -20.553 12.902
396 23.0 -21.753 13.663
408 23.0 -21.661 13.357
420 23.0 -22.421 14.106
432 23.0 -21.956 14.514
444 23.0 -19.116 12.860
456 23.0 -20.715 13.902
468 23.0 -22.523 14.497
240 51.0 -7.290 29.089
252 51.0 -7.392 29.639
264 51.0 -7.507 30.246
276 51.0 -7.623 30.854
288 51.0 -7.739 31.389
300 51.0 -7.855 31.997
312 51.0 -7.970 32.561
324 51.0 -8.086 33.168
336 51.0 -7.968 32.753
348 51.0 -7.985 32.684
360 51.0 -8.342 32.483
372 51.0 -8.193 32.413
384 51.0 -8.431 32.150
396 51.0 -8.288 33.468
408 51.0 -8.572 34.666
420 51.0 -8.438 34.783
432 51.0 -8.692 35.884
444 51.0 -8.592 35.313
456 51.0 -8.659 35.291
468 51.0 -8.257 35.831
276 65.0 -9.142 29.263
288 65.0 -9.142 28.786
300 65.0 -9.084 28.308
312 65.0 -9.026 27.816
324 65.0 -8.910 27.209
336 65.0 -8.795 26.717
348 65.0 -8.737 26.109
360 65.0 -8.636 25.618
372 65.0 -8.818 25.604
384 65.0 -8.928 25.302
396 65.0 -8.719 25.266
408 65.0 -8.840 24.460
420 65.0 -8.802 24.779
432 65.0 -8.765 23.194
444 65.0 -8.853 23.079
456 65.0 -8.957 22.151
468 65.0 -9.144 24.338
480 65.0 -8.803 22.248
492 65.0 -8.573 22.830
504 65.0 -9.242 20.375
312 55.0 5.439 35.237
324 55.0 5.410 35.541
336 55.0 5.352 35.902
348 55.0 5.294 36.264
360 55.0 5.236 36.568
372 55.0 5.179 36.944
384 55.0 4.672 37.175
396 55.0 4.209 37.551
408 55.0 4.817 36.924
420 55.0 5.074 37.373
432 55.0 4.272 37.502
444 55.0 4.442 37.855
456 55.0 4.464 38.376
468 55.0 4.218 38.684
480 55.0 4.357 39.258
492 55.0 4.647 39.295
504 55.0 3.910 39.584
516 55.0 4.672 39.755
528 55.0 4.407 40.274
540 55.0 4.004 40.492
336 60.0 3.081 40.951
348 60.0 3.081 40.343
360 60.0 3.023 39.866
372 60.0 2.965 39.258
384 60.0 2.965 38.766
396 60.0 2.907 38.159
408 60.0 2.907 37.667
420 60.0 2.907 37.060
432 60.0 2.953 36.431
444 60.0 2.826 36.060
456 60.0 2.834 35.787
468 60.0 2.909 35.385
480 60.0 3.026 34.999
492 60.0 3.259 34.485
504 60.0 3.162 34.195
516 60.0 2.791 31.328
528 60.0 2.981 31.220
540 60.0 3.473 32.539
552 60.0 3.305 32.608
564 60.0 3.486 30.533
396 0.0 3.703 25.560
408 0.0 3.746 25.068
420 0.0 3.804 24.591
432 0.0 3.862 24.099
444 0.0 3.920 23.621
456 0.0 3.978 23.188
468 0.0 4.094 22.696
480 0.0 4.151 22.204
492 0.0 4.017 21.876
504 0.0 3.969 20.961
516 0.0 3.996 20.742
528 0.0 3.746 19.649
540 0.0 3.837 19.234
552 0.0 3.946 19.058
564 0.0 3.881 19.110
576 0.0 3.803 19.277
588 0.0 4.249 17.736
600 0.0 4.439 16.878
612 0.0 4.274 21.440
624 0.0 3.855 18.459
456 33.0 3.645 41.833
468 33.0 3.645 40.893
480 33.0 3.703 40.415
492 33.0 3.804 39.924
504 33.0 3.862 39.374
516 33.0 3.978 38.651
528 33.0 4.036 37.971
540 33.0 4.036 37.479
552 33.0 4.367 37.949
564 33.0 4.578 36.729
576 33.0 4.268 36.523
588 33.0 3.924 35.968
600 33.0 3.911 35.092
612 33.0 3.991 34.164
624 33.0 3.487 32.543
636 33.0 3.599 35.079
648 33.0 3.359 33.103
660 33.0 3.910 32.962
672 33.0 3.326 31.264
684 33.0 3.209 33.368
480 8.0 -15.695 34.138
492 8.0 -15.695 34.138
504 8.0 -15.752 34.080
516 8.0 -15.752 34.080
528 8.0 -15.752 34.080
540 8.0 -15.752 34.080
552 8.0 -15.781 34.080
564 8.0 -15.781 34.080
576 8.0 -15.794 34.067
588 8.0 -15.709 34.118
600 8.0 -15.697 34.091
612 8.0 -15.684 34.084
624 8.0 -15.623 34.050
636 8.0 -15.764 34.036
648 8.0 -15.752 34.052
660 8.0 -15.708 34.078
672 8.0 -15.681 34.081
684 8.0 -15.703 34.052
696 8.0 -15.709 34.028
708 8.0 -15.693 34.003
480 17.0 -5.584 25.140
492 17.0 -5.584 24.533
504 17.0 -5.555 24.041
516 17.0 -5.584 23.665
528 17.0 -5.612 23.318
540 17.0 -5.612 22.942
552 17.0 -5.670 22.580
564 17.0 -5.699 22.103
576 17.0 -5.239 21.245
588 17.0 -5.684 21.314
600 17.0 -5.621 21.694
612 17.0 -5.534 20.825
624 17.0 -5.533 19.809
636 17.0 -5.338 19.644
648 17.0 -5.547 19.394
660 17.0 -5.609 18.485
672 17.0 -5.421 18.733
684 17.0 -5.311 18.985
696 17.0 -5.886 16.934
708 17.0 -5.966 19.467
504 12.0 -6.611 24.533
516 12.0 -6.611 23.925
528 12.0 -6.611 23.303
540 12.0 -6.611 22.696
552 12.0 -6.668 22.218
564 12.0 -6.668 21.727
576 12.0 -6.668 21.307
588 12.0 -6.611 20.757
600 12.0 -6.933 21.481
612 12.0 -6.618 21.752
624 12.0 -6.738 21.101
636 12.0 -6.672 20.648
648 12.0 -6.895 19.825
660 12.0 -6.760 19.586
672 12.0 -6.778 19.654
684 12.0 -6.689 19.321
696 12.0 -6.742 17.616
708 12.0 -7.349 18.135
720 12.0 -6.968 16.915
732 12.0 -6.861 15.608
504 46.0 1.794 -6.509
516 46.0 1.794 -6.509
528 46.0 1.765 -6.871
540 46.0 1.649 -7.233
552 46.0 1.591 -7.609
564 46.0 1.475 -8.086
576 46.0 1.418 -8.824
588 46.0 1.360 -9.431
600 46.0 1.763 -9.520
612 46.0 1.953 -9.833
624 46.0 2.107 -10.003
636 46.0 2.263 -10.639
648 46.0 2.099 -11.552
660 46.0 2.051 -12.053
672 46.0 2.119 -12.573
684 46.0 2.067 -12.757
696 46.0 1.809 -14.838
708 46.0 2.049 -14.275
720 46.0 1.744 -13.729
732 46.0 1.817 -14.838
516 66.0 -6.871 19.354
528 66.0 -6.697 18.689
540 66.0 -6.582 18.067
552 66.0 -6.408 17.459
564 66.0 -6.292 16.852
576 66.0 -6.177 16.244
588 66.0 -6.061 15.637
600 66.0 -5.887 15.159
612 66.0 -6.195 14.797
624 66.0 -5.854 14.072
636 66.0 -5.616 13.609
648 66.0 -5.702 12.798
660 66.0 -5.821 11.089
672 66.0 -5.833 11.002
684 66.0 -5.501 11.435
696 66.0 -5.497 9.308
708 66.0 -5.513 11.525
720 66.0 -5.717 13.543
732 66.0 -5.828 10.179
744 66.0 -5.966 9.974
552 56.0 -1.548 39.359
564 56.0 -2.097 39.359
576 56.0 -2.676 39.359
588 56.0 -3.370 39.851
600 56.0 -4.094 40.343
612 56.0 -4.499 40.589
624 56.0 -4.846 40.835
636 56.0 -5.468 41.009
648 56.0 -3.767 40.542
660 56.0 -4.307 40.718
672 56.0 -4.690 40.764
684 56.0 -4.737 40.613
696 56.0 -5.148 40.901
708 56.0 -6.155 41.702
720 56.0 -5.809 41.709
732 56.0 -6.507 42.149
744 56.0 -6.924 42.297
756 56.0 -7.292 42.694
768 56.0 -6.296 42.672
780 56.0 -7.184 42.506
576 52.0 -13.843 30.680
588 52.0 -13.901 30.058
600 52.0 -13.901 29.451
612 52.0 -13.901 29.335
624 52.0 -13.843 29.089
636 52.0 -13.785 28.843
648 52.0 -13.785 28.482
660 52.0 -13.785 28.236
672 52.0 -13.621 27.350
684 52.0 -13.910 26.863
696 52.0 -13.647 26.300
708 52.0 -13.945 26.501
720 52.0 -13.948 24.437
732 52.0 -13.988 24.477
744 52.0 -13.871 24.494
756 52.0 -14.189 23.674
768 52.0 -14.049 23.485
780 52.0 -13.958 23.144
792 52.0 -14.042 23.277
804 52.0 -13.960 23.682
576 61.0 4.238 29.509
588 61.0 4.296 28.786
600 61.0 4.412 28.178
612 61.0 4.470 27.570
624 61.0 4.585 26.847
636 61.0 4.528 26.355
648 61.0 4.412 25.979
660 61.0 4.296 25.618
672 61.0 4.360 25.584
684 61.0 4.446 25.154
696 61.0 4.314 24.794
708 61.0 4.466 24.799
720 61.0 4.273 23.615
732 61.0 4.515 22.100
744 61.0 4.370 22.708
756 61.0 4.268 21.995
768 61.0 4.296 22.369
780 61.0 4.725 23.296
792 61.0 4.627 22.218
804 61.0 4.341 20.756
600 48.0 -14.639 30.333
612 48.0 -14.523 29.523
624 48.0 -14.465 29.147
636 48.0 -14.465 28.655
648 48.0 -14.465 28.308
660 48.0 -14.407 27.816
672 48.0 -14.407 27.440
684 48.0 -14.349 27.093
696 48.0 -14.385 26.202
708 48.0 -14.320 26.272
720 48.0 -14.422 24.325
732 48.0 -14.407 24.612
744 48.0 -14.528 23.963
756 48.0 -14.571 23.257
768 48.0 -14.535 21.391
780 48.0 -14.700 20.670
792 48.0 -14.598 19.374
804 48.0 -14.552 19.811
816 48.0 -15.089 26.588
828 48.0 -15.141 22.433
636 1.0 3.862 15.998
648 1.0 3.920 15.391
660 1.0 3.978 14.783
672 1.0 3.978 14.060
684 1.0 4.036 13.453
696 1.0 4.036 12.845
708 1.0 4.094 12.237
720 1.0 4.151 11.746
732 1.0 4.494 11.458
744 1.0 4.360 11.756
756 1.0 4.284 9.996
768 1.0 4.215 9.687
780 1.0 4.166 8.257
792 1.0 4.014 9.214
804 1.0 3.549 8.362
816 1.0 3.924 9.937
828 1.0 4.852 8.454
840 1.0 4.350 7.825
852 1.0 3.896 6.000
864 1.0 4.206 10.489
696 34.0 4.267 27.455
708 34.0 4.267 27.252
720 34.0 4.238 27.252
732 34.0 4.209 27.194
744 34.0 4.180 27.194
756 34.0 4.180 26.905
768 34.0 4.296 26.298
780 34.0 4.412 25.690
792 34.0 4.301 26.449
804 34.0 4.174 26.421
816 34.0 4.074 26.228
828 34.0 4.192 26.146
840 34.0 4.186 25.304
852 34.0 4.235 25.749
864 34.0 4.238 25.052
876 34.0 4.313 24.293
888 34.0 4.314 23.403
900 34.0 4.459 23.629
912 34.0 4.389 23.947
924 34.0 4.014 22.520
720 9.0 -15.868 34.080
732 9.0 -15.897 34.080
744 9.0 -15.897 34.080
756 9.0 -15.897 34.022
768 9.0 -15.897 34.022
780 9.0 -15.926 34.022
792 9.0 -15.926 34.022
804 9.0 -15.926 34.022
816 9.0 -15.927 34.028
828 9.0 -15.855 34.053
840 9.0 -15.857 33.999
852 9.0 -15.899 33.969
864 9.0 -15.910 34.062
876 9.0 -15.970 34.066
888 9.0 -15.849 33.971
900 9.0 -15.843 34.009
912 9.0 -15.912 34.043
924 9.0 -15.935 34.062
936 9.0 -15.906 34.105
948 9.0 -15.863 34.043
720 18.0 -5.179 14.306
732 18.0 -5.121 13.814
744 18.0 -5.121 13.091
756 18.0 -5.077 12.353
768 18.0 -4.904 11.861
780 18.0 -4.730 11.384
792 18.0 -4.730 10.776
804 18.0 -4.730 10.169
816 18.0 -4.703 10.249
828 18.0 -4.872 9.519
840 18.0 -4.506 8.966
852 18.0 -4.432 9.133
864 18.0 -4.445 7.349
876 18.0 -4.463 6.527
888 18.0 -4.836 8.391
900 18.0 -4.801 8.254
912 18.0 -4.463 7.142
924 18.0 -4.547 4.665
936 18.0 -3.902 3.049
948 18.0 -4.209 4.667
744 13.0 -6.032 12.975
756 13.0 -5.974 12.483
768 13.0 -5.873 12.107
780 13.0 -5.699 11.630
792 13.0 -5.584 11.268
804 13.0 -5.584 10.531
816 13.0 -5.584 9.923
828 13.0 -5.584 9.446
840 13.0 -5.643 9.601
852 13.0 -5.458 9.002
864 13.0 -5.333 8.540
876 13.0 -5.231 7.996
888 13.0 -5.348 7.811
900 13.0 -5.247 6.876
912 13.0 -5.455 4.323
924 13.0 -5.464 6.345
936 13.0 -5.353 4.437
948 13.0 -5.468 5.586
960 13.0 -5.590 5.965
972 13.0 -5.397 7.461
744 20.0 -20.078 21.596
756 20.0 -19.730 21.857
768 20.0 -19.354 22.088
780 20.0 -18.964 22.334
792 20.0 -18.501 22.826
804 20.0 -18.110 23.188
816 20.0 -17.763 23.188
828 20.0 -17.488 23.303
840 20.0 -17.802 23.139
852 20.0 -17.753 22.439
864 20.0 -17.625 22.540
876 20.0 -17.837 22.122
888 20.0 -17.783 21.972
900 20.0 -17.049 21.746
912 20.0 -17.336 21.672
924 20.0 -16.449 21.770
936 20.0 -16.809 21.925
948 20.0 -17.155 21.499
960 20.0 -16.735 21.203
972 20.0 -16.793 21.721
756 67.0 2.416 41.298
768 67.0 2.416 40.589
780 67.0 2.416 40.227
792 67.0 2.416 39.851
804 67.0 2.416 39.504
816 67.0 2.416 39.012
828 67.0 2.474 38.636
840 67.0 2.531 38.144
852 67.0 2.250 37.211
864 67.0 2.429 37.342
876 67.0 2.376 36.744
888 67.0 2.662 36.511
900 67.0 2.524 35.171
912 67.0 2.395 35.382
924 67.0 2.493 34.247
936 67.0 2.564 34.098
948 67.0 2.317 32.105
960 67.0 2.274 34.714
972 67.0 2.223 33.911
984 67.0 2.533 31.236
792 57.0 -7.037 41.535
804 57.0 -7.055 41.539
816 57.0 -7.073 41.542
828 57.0 -7.090 41.545
840 57.0 -7.108 41.548
852 57.0 -7.126 41.552
864 57.0 -7.145 41.555
876 57.0 -7.163 41.558
888 57.0 -7.197 41.536
900 57.0 -7.195 41.449
912 57.0 -7.301 41.482
924 57.0 -7.266 41.627
936 57.0 -7.352 41.623
948 57.0 -7.409 41.579
960 57.0 -7.277 41.556
972 57.0 -7.245 41.584
984 57.0 -7.270 41.541
996 57.0 -7.215 41.666
1008 57.0 -7.142 41.569
1020 57.0 -7.239 41.612
816 62.0 5.887 18.920
828 62.0 5.887 18.689
840 62.0 5.887 18.573
852 62.0 5.887 18.197
864 62.0 6.234 16.866
876 62.0 6.408 15.883
888 62.0 6.408 15.391
900 62.0 6.408 14.914
912 62.0 6.316 15.010
924 62.0 6.296 14.887
936 62.0 6.488 13.970
948 62.0 6.721 14.098
960 62.0 6.199 13.879
972 62.0 6.215 12.914
984 62.0 5.877 11.786
996 62.0 6.316 11.856
1008 62.0 6.333 10.590
1020 62.0 5.924 12.220
1032 62.0 6.188 13.046
1044 62.0 6.414 10.920
840 49.0 -15.145 22.696
852 49.0 -15.203 22.349
864 49.0 -15.261 21.972
876 49.0 -15.376 21.596
888 49.0 -15.666 21.249
900 49.0 -15.941 20.873
912 49.0 -16.230 20.642
924 49.0 -16.461 20.381
936 49.0 -15.400 19.417
948 49.0 -15.547 18.537
960 49.0 -15.580 18.937
972 49.0 -15.361 18.018
984 49.0 -15.298 17.925
996 49.0 -15.131 17.244
1008 49.0 -15.467 16.128
1020 49.0 -15.394 16.402
1032 49.0 -15.270 16.134
1044 49.0 -15.135 16.590
1056 49.0 -15.633 13.905
1068 49.0 -15.158 14.191
876 2.0 4.788 4.817
888 2.0 4.788 4.325
900 2.0 4.788 3.848
912 2.0 4.788 3.110
924 2.0 4.788 2.372
936 2.0 4.672 1.895
948 2.0 4.557 1.649
960 2.0 4.499 1.287
972 2.0 4.848 1.190
984 2.0 4.843 -0.344
996 2.0 4.872 -0.578
1008 2.0 4.734 -0.831
1020 2.0 4.713 -0.678
1032 2.0 4.595 -1.479
1044 2.0 4.942 -3.047
1056 2.0 4.375 -3.708
1068 2.0 4.358 -3.265
1080 2.0 4.554 -2.434
1092 2.0 4.471 -3.825
1104 2.0 4.168 -1.796
936 35.0 5.627 19.108
948 35.0 5.743 18.501
960 35.0 5.974 18.139
972 35.0 6.263 17.647
984 35.0 6.437 17.286
996 35.0 6.553 16.924
1008 35.0 6.770 16.490
1020 35.0 7.059 15.941
1032 35.0 6.866 15.926
1044 35.0 6.897 16.392
1056 35.0 7.413 16.045
1068 35.0 7.031 15.180
1080 35.0 7.087 15.038
1092 35.0 7.879 13.550
1104 35.0 8.087 13.038
1116 35.0 8.490 13.765
1128 35.0 7.593 14.000
1140 35.0 8.304 13.416
1152 35.0 8.148 11.634
1164 35.0 9.484 10.037
960 10.0 -16.027 34.007
972 10.0 -16.027 34.007
984 10.0 -16.027 34.007
996 10.0 -16.027 34.007
1008 10.0 -16.085 33.950
1020 10.0 -16.085 33.950
1032 10.0 -16.085 33.950
1044 10.0 -16.085 33.892
1056 10.0 -16.040 33.880
1068 10.0 -15.971 33.853
1080 10.0 -15.998 33.889
1092 10.0 -15.944 33.936
1104 10.0 -15.935 33.926
1116 10.0 -15.976 33.914
1128 10.0 -16.023 33.959
1140 10.0 -16.023 34.004
1152 10.0 -16.015 34.035
1164 10.0 -16.000 33.991
1176 10.0 -16.041 33.980
1188 10.0 -16.037 33.973
960 19.0 -3.935 3.356
972 19.0 -3.935 2.864
984 19.0 -3.935 2.372
996 19.0 -3.935 1.895
1008 19.0 -3.963 1.215
1020 19.0 -3.963 0.608
1032 19.0 -3.992 0.072
1044 19.0 -4.021 -0.535
1056 19.0 -3.849 -0.626
1068 19.0 -3.789 -0.683
1080 19.0 -3.834 -1.091
1092 19.0 -3.694 -1.579
1104 19.0 -3.700 -3.158
1116 19.0 -4.023 -4.107
1128 19.0 -4.067 -3.341
1140 19.0 -4.237 -2.871
1152 19.0 -4.387 -5.261
1164 19.0 -4.365 -5.858
1176 19.0 -4.549 -8.049
1188 19.0 -4.486 -5.233
984 14.0 -4.846 2.864
996 14.0 -4.730 2.257
1008 14.0 -4.672 1.519
1020 14.0 -4.672 0.984
1032 14.0 -4.672 0.318
1044 14.0 -4.672 -0.231
1056 14.0 -4.672 -0.897
1068 14.0 -4.672 -1.504
1080 14.0 -4.777 -2.807
1092 14.0 -4.366 -2.972
1104 14.0 -4.662 -2.010
1116 14.0 -4.759 -4.136
1128 14.0 -4.946 -4.471
1140 14.0 -4.689 -4.154
1152 14.0 -4.945 -4.410
1164 14.0 -5.187 -5.073
1176 14.0 -4.575 -5.858
1188 14.0 -4.906 -5.225
1200 14.0 -4.246 -8.647
1212 14.0 -3.778 -2.280
984 21.0 -14.856 29.147
996 21.0 -14.697 29.523
1008 21.0 -14.552 29.943
1020 21.0 -14.465 30.608
1032 21.0 -14.378 31.158
1044 21.0 -14.292 31.823
1056 21.0 -14.219 32.373
1068 21.0 -14.017 32.865
1080 21.0 -13.986 32.776
1092 21.0 -14.173 32.138
1104 21.0 -14.491 32.634
1116 21.0 -14.544 32.207
1128 21.0 -14.569 32.391
1140 21.0 -14.434 32.534
1152 21.0 -14.583 33.299
1164 21.0 -14.757 33.015
1176 21.0 -14.689 34.960
1188 21.0 -14.467 36.357
1200 21.0 -14.510 35.132
1212 21.0 -14.301 35.641
996 54.0 -9.316 24.374
1008 54.0 -9.026 23.419
1020 54.0 -8.578 22.811
1032 54.0 -8.115 22.349
1044 54.0 -7.594 21.741
1056 54.0 -7.146 21.119
1068 54.0 -7.030 20.989
1080 54.0 -6.929 20.873
1092 54.0 -6.831 20.129
1104 54.0 -6.695 19.812
1116 54.0 -6.227 19.099
1128 54.0 -5.817 19.054
1140 54.0 -5.580 20.138
1152 54.0 -5.120 18.433
1164 54.0 -4.528 19.221
1176 54.0 -5.401 19.945
1188 54.0 -3.210 18.298
1200 54.0 -2.982 16.846
1212 54.0 -3.494 17.693
1224 54.0 -2.280 18.299
996 68.0 3.269 31.230
1008 68.0 3.182 30.782
1020 68.0 3.124 30.304
1032 68.0 3.124 29.813
1044 68.0 3.182 29.205
1056 68.0 3.240 28.713
1068 68.0 3.240 28.250
1080 68.0 3.298 27.758
1092 68.0 3.584 27.215
1104 68.0 3.564 26.826
1116 68.0 3.494 26.455
1128 68.0 3.548 26.744
1140 68.0 3.259 26.185
1152 68.0 3.559 26.470
1164 68.0 3.372 25.630
1176 68.0 3.222 25.062
1188 68.0 3.569 24.607
1200 68.0 3.695 24.805
1212 68.0 3.471 24.639
1224 68.0 3.599 24.164
1020 29.0 -8.375 -2.850
1032 29.0 -8.824 -3.341
1044 29.0 -9.229 -3.718
1056 29.0 -9.677 -4.180
1068 29.0 -10.140 -4.557
1080 29.0 -10.603 -5.048
1092 29.0 -10.993 -5.410
1104 29.0 -11.442 -5.887
1116 29.0 -10.415 -4.901
1128 29.0 -10.108 -5.407
1140 29.0 -10.142 -5.214
1152 29.0 -9.837 -5.893
1164 29.0 -9.809 -5.934
1176 29.0 -9.403 -6.993
1188 29.0 -9.017 -7.469
1200 29.0 -8.948 -8.099
1212 29.0 -8.959 -9.051
1224 29.0 -9.531 -9.454
1236 29.0 -9.270 -9.440
1248 29.0 -8.954 -11.208
1032 58.0 -7.396 41.600
1044 58.0 -7.414 41.603
1056 58.0 -7.432 41.607
1068 58.0 -7.450 41.610
1080 58.0 -7.468 41.613
1092 58.0 -7.486 41.616
1104 58.0 -7.504 41.620
1116 58.0 -7.522 41.623
1128 58.0 -7.473 41.508
1140 58.0 -7.473 41.456
1152 58.0 -7.390 41.485
1164 58.0 -7.357 41.494
1176 58.0 -7.340 41.567
1188 58.0 -7.339 41.547
1200 58.0 -7.364 41.590
1212 58.0 -7.416 41.657
1224 58.0 -7.444 41.586
1236 58.0 -7.432 41.560
1248 58.0 -7.393 41.559
1260 58.0 -7.379 41.603
1056 63.0 5.092 5.844
1068 63.0 5.034 5.236
1080 63.0 4.918 4.629
1092 63.0 4.918 3.906
1104 63.0 4.918 3.298
1116 63.0 4.918 2.560
1128 63.0 4.918 1.953
1140 63.0 4.918 1.230
1152 63.0 4.967 1.040
1164 63.0 4.918 0.673
1176 63.0 4.810 -1.092
1188 63.0 4.734 -0.439
1200 63.0 4.683 -1.243
1212 63.0 4.637 -1.495
1224 63.0 4.747 -1.733
1236 63.0 4.660 -2.240
1248 63.0 4.395 -4.285
1260 63.0 4.900 -3.893
1272 63.0 5.156 -0.362
1284 63.0 3.874 -0.859
1116 3.0 3.804 -5.164
1128 3.0 3.746 -5.280
1140 3.0 3.703 -5.395
1152 3.0 3.645 -5.395
1164 3.0 3.587 -5.395
1176 3.0 3.472 -5.395
1188 3.0 3.414 -5.280
1200 3.0 3.356 -5.280
1212 3.0 3.385 -5.292
1224 3.0 3.436 -5.260
1236 3.0 3.465 -5.260
1248 3.0 3.384 -5.108
1260 3.0 3.313 -5.021
1272 3.0 3.419 -4.910
1284 3.0 3.315 -4.948
1296 3.0 3.220 -4.887
1308 3.0 3.309 -5.017
1320 3.0 3.169 -5.021
1332 3.0 2.877 -5.103
1344 3.0 3.170 -4.916
1152 39.0 15.579 19.181
1164 39.0 15.174 19.296
1176 39.0 14.711 19.412
1188 39.0 14.320 19.412
1200 39.0 13.915 19.528
1212 39.0 13.525 19.658
1224 39.0 13.120 19.788
1236 39.0 12.671 19.788
1248 39.0 13.040 19.563
1260 39.0 12.029 20.492
1272 39.0 11.911 20.190
1284 39.0 12.205 19.862
1296 39.0 11.190 20.794
1308 39.0 10.947 21.102
1320 39.0 10.435 21.274
1332 39.0 9.821 21.508
1344 39.0 8.500 22.231
1356 39.0 7.549 22.611
1368 39.0 8.577 21.904
1380 39.0 7.932 23.034
1188 38.0 15.116 21.293
1200 38.0 14.176 20.627
1212 38.0 13.843 20.685
1224 38.0 13.496 20.815
1236 38.0 13.149 20.945
1248 38.0 12.744 21.061
1260 38.0 12.411 21.119
1272 38.0 12.078 21.235
1284 38.0 12.814 19.962
1296 38.0 12.468 20.479
1308 38.0 12.004 21.035
1320 38.0 11.521 21.030
1332 38.0 11.798 20.451
1344 38.0 12.301 20.583
1356 38.0 11.915 20.066
1368 38.0 11.607 20.782
1380 38.0 10.674 21.360
1392 38.0 10.535 22.795
1404 38.0 11.376 20.971
1416 38.0 8.910 22.616
1200 11.0 -16.085 33.414
1212 11.0 -16.085 33.414
1224 11.0 -16.085 33.414
1236 11.0 -16.085 33.299
1248 11.0 -16.085 33.299
1260 11.0 -16.085 33.299
1272 11.0 -16.085 33.226
1284 11.0 -16.085 33.226
1296 11.0 -15.999 33.146
1308 11.0 -16.064 33.227
1320 11.0 -16.034 33.260
1332 11.0 -16.103 33.353
1344 11.0 -16.087 33.323
1356 11.0 -16.049 33.251
1368 11.0 -16.001 33.251
1380 11.0 -16.072 33.307
1392 11.0 -16.078 33.202
1404 11.0 -16.035 33.130
1416 11.0 -15.998 33.072
1428 11.0 -16.007 33.184
1236 69.0 3.298 21.191
1248 69.0 3.298 20.700
1260 69.0 3.298 20.208
1272 69.0 3.298 19.716
1284 69.0 3.414 19.108
1296 69.0 3.472 18.617
1308 69.0 3.529 18.125
1320 69.0 3.587 17.662
1332 69.0 3.743 17.200
1344 69.0 3.691 17.100
1356 69.0 3.934 16.515
1368 69.0 3.708 15.174
1380 69.0 3.797 15.290
1392 69.0 3.978 14.574
1404 69.0 3.643 14.722
1416 69.0 3.657 14.406
1428 69.0 3.918 14.629
1440 69.0 4.260 13.289
1452 69.0 4.451 14.508
1464 69.0 4.180 15.649
1260 30.0 -16.563 -9.793
1272 30.0 -16.852 -10.285
1284 30.0 -17.141 -10.632
1296 30.0 -17.373 -11.008
1308 30.0 -17.604 -11.384
1320 30.0 -17.792 -11.731
1332 30.0 -17.966 -12.107
1344 30.0 -18.183 -12.397
1356 30.0 -17.710 -13.171
1368 30.0 -17.580 -13.308
1380 30.0 -17.094 -14.165
1392 30.0 -16.928 -14.147
1404 30.0 -17.112 -15.273
1416 30.0 -16.638 -15.531
1428 30.0 -16.941 -15.318
1440 30.0 -16.994 -18.085
1452 30.0 -16.861 -18.367
1464 30.0 -16.919 -16.253
1476 30.0 -17.404 -16.865
1488 30.0 -16.805 -14.678
1272 59.0 -6.726 34.933
1284 59.0 -6.668 34.326
1296 59.0 -6.553 33.704
1308 59.0 -6.495 33.096
1320 59.0 -6.437 32.489
1332 59.0 -6.321 31.881
1344 59.0 -6.321 31.274
1356 59.0 -6.321 30.550
1368 59.0 -6.296 30.009
1380 59.0 -5.931 30.084
1392 59.0 -6.557 29.350
1404 59.0 -6.349 27.586
1416 59.0 -6.100 28.370
1428 59.0 -6.263 26.831
1440 59.0 -6.126 26.682
1452 59.0 -6.190 26.819
1464 59.0 -6.226 25.511
1476 59.0 -6.492 25.504
1488 59.0 -6.766 29.012
1500 59.0 -6.168 27.553
