504 10.0 4.086 16.706
516 10.0 4.767 16.706
528 10.0 5.447 16.706
540 10.0 6.083 16.706
552 10.0 6.719 16.706
564 10.0 7.309 16.706
576 10.0 7.899 16.706
588 10.0 8.580 16.524
600 10.0 7.745 16.440
612 10.0 7.588 16.349
624 10.0 6.766 16.509
636 10.0 7.093 16.445
648 10.0 7.405 16.681
660 10.0 7.770 16.688
672 10.0 8.031 16.553
684 10.0 8.882 16.184
696 10.0 8.170 16.160
708 10.0 7.611 16.048
720 10.0 8.369 16.431
732 10.0 8.863 16.256
504 11.0 -11.258 15.208
516 11.0 -11.780 15.208
528 11.0 -12.370 15.208
540 11.0 -12.892 15.208
552 11.0 -13.483 15.208
564 11.0 -14.027 15.208
576 11.0 -14.527 15.208
588 11.0 -15.139 15.208
600 11.0 -16.019 15.596
612 11.0 -15.554 15.499
624 11.0 -16.115 15.672
636 11.0 -15.679 16.263
648 11.0 -16.309 15.875
660 11.0 -16.725 15.850
672 11.0 -16.950 17.118
684 11.0 -17.547 17.190
696 11.0 -18.407 17.605
708 11.0 -17.780 16.291
720 11.0 -16.104 16.406
732 11.0 -17.956 18.058
504 13.0 -20.360 17.296
516 13.0 -21.041 17.296
528 13.0 -21.631 17.296
540 13.0 -22.312 17.455
552 13.0 -22.993 17.455
564 13.0 -23.583 17.455
576 13.0 -24.309 17.296
588 13.0 -24.990 17.114
600 13.0 -24.365 17.463
612 13.0 -23.820 16.875
624 13.0 -24.307 17.627
636 13.0 -24.404 16.985
648 13.0 -26.101 18.586
660 13.0 -27.680 18.932
672 13.0 -24.974 16.969
684 13.0 -25.954 17.657
696 13.0 -27.555 16.924
708 13.0 -26.402 16.257
720 13.0 -23.946 17.987
732 13.0 -25.893 16.748
504 16.0 -0.545 -0.182
516 16.0 -0.840 -0.182
528 16.0 -1.180 -0.182
540 16.0 -1.521 -0.182
552 16.0 -1.816 -0.182
564 16.0 -2.134 -0.182
576 16.0 -2.451 -0.182
588 16.0 -2.815 -0.340
600 16.0 -2.605 -0.416
612 16.0 -2.208 -0.137
624 16.0 -1.998 -0.329
636 16.0 -3.329 0.151
648 16.0 -2.602 0.009
660 16.0 -2.360 -0.468
672 16.0 -1.908 -0.591
684 16.0 -1.485 -1.117
696 16.0 -1.941 -1.129
708 16.0 -1.641 -1.203
720 16.0 -1.510 -1.117
732 16.0 -1.763 -0.696
504 28.0 7.173 12.053
516 28.0 6.946 12.552
528 28.0 6.809 12.870
540 28.0 6.582 13.369
552 28.0 6.446 13.710
564 28.0 6.219 14.209
576 28.0 6.060 14.549
588 28.0 5.765 14.867
600 28.0 6.032 14.860
612 28.0 6.193 15.076
624 28.0 6.051 15.426
636 28.0 6.245 15.835
648 28.0 6.293 16.906
660 28.0 6.375 16.950
672 28.0 6.379 17.022
684 28.0 6.377 17.836
696 28.0 6.342 17.597
708 28.0 6.230 18.314
720 28.0 6.146 19.059
732 28.0 6.006 19.639
516 14.0 7.967 10.055
528 14.0 7.967 10.373
540 14.0 7.967 10.713
552 14.0 7.967 11.213
564 14.0 7.967 11.712
576 14.0 7.967 12.053
588 14.0 7.967 12.552
600 14.0 8.103 13.051
612 14.0 7.444 12.474
624 14.0 7.829 13.105
636 14.0 7.785 14.085
648 14.0 7.356 14.314
660 14.0 7.703 13.796
672 14.0 7.650 14.944
684 14.0 7.542 14.710
696 14.0 7.146 15.468
708 14.0 7.038 15.367
720 14.0 7.348 15.740
732 14.0 7.092 16.555
744 14.0 7.328 15.850
516 26.0 8.239 23.197
528 26.0 8.012 22.879
540 26.0 7.853 22.380
552 26.0 7.626 22.017
564 26.0 7.400 21.518
576 26.0 7.195 21.200
588 26.0 7.036 20.700
600 26.0 6.809 20.383
612 26.0 7.187 20.589
624 26.0 7.501 19.998
636 26.0 7.345 19.393
648 26.0 7.325 18.158
660 26.0 7.527 17.292
672 26.0 7.821 18.237
684 26.0 7.937 18.488
696 26.0 8.096 17.759
708 26.0 7.629 16.633
720 26.0 7.782 16.017
732 26.0 7.997 15.043
744 26.0 8.063 16.081
696 20.0 -31.255 10.804
708 20.0 -28.940 11.122
720 20.0 -26.557 11.621
732 20.0 -24.173 11.962
744 20.0 -21.767 12.121
756 20.0 -19.316 11.803
768 20.0 -17.137 11.803
780 20.0 -15.366 11.803
792 20.0 -26.512 11.661
804 20.0 -27.419 11.701
816 20.0 -27.733 11.330
828 20.0 -26.105 11.407
840 20.0 -26.747 10.957
852 20.0 -27.296 11.244
864 20.0 -27.319 10.843
876 20.0 -27.117 11.140
888 20.0 -27.688 10.720
900 20.0 -26.246 11.060
912 20.0 -27.606 12.164
924 20.0 -28.642 11.718
744 12.0 -18.567 18.045
756 12.0 -18.249 18.204
768 12.0 -18.521 18.204
780 12.0 -18.748 18.204
792 12.0 -19.066 18.204
804 12.0 -19.656 18.204
816 12.0 -20.473 18.363
828 12.0 -21.835 18.544
840 12.0 -20.869 18.284
852 12.0 -20.655 18.314
864 12.0 -21.140 18.351
876 12.0 -21.412 18.676
888 12.0 -21.479 18.684
900 12.0 -21.145 18.904
912 12.0 -21.251 19.416
924 12.0 -22.152 19.589
936 12.0 -22.319 19.367
948 12.0 -22.570 19.503
960 12.0 -22.967 19.100
972 12.0 -23.330 19.662
744 17.0 -6.106 -4.676
756 17.0 -6.174 -5.334
768 17.0 -6.265 -5.833
780 17.0 -6.537 -6.174
792 17.0 -6.855 -6.333
804 17.0 -7.218 -6.673
816 17.0 -7.218 -7.173
828 17.0 -7.309 -7.831
840 17.0 -7.069 -9.022
852 17.0 -6.968 -9.926
864 17.0 -6.596 -9.943
876 17.0 -6.791 -9.751
888 17.0 -6.674 -11.767
900 17.0 -6.417 -11.525
912 17.0 -6.792 -11.149
924 17.0 -6.901 -12.923
936 17.0 -6.839 -13.762
948 17.0 -7.288 -11.607
960 17.0 -6.749 -13.487
972 17.0 -6.480 -14.512
744 29.0 4.403 20.360
756 29.0 4.630 20.700
768 29.0 4.630 21.041
780 29.0 4.358 21.200
792 29.0 4.131 21.200
804 29.0 3.813 21.359
816 29.0 3.450 21.540
828 29.0 2.928 21.858
840 29.0 2.398 21.941
852 29.0 2.780 22.014
864 29.0 2.627 21.599
876 29.0 1.475 21.957
888 29.0 1.325 22.430
900 29.0 0.938 22.769
912 29.0 0.741 22.686
924 29.0 0.652 22.456
936 29.0 0.087 22.531
948 29.0 -1.387 23.618
960 29.0 -1.268 23.504
972 29.0 -2.019 23.923
744 31.0 -10.713 -8.648
756 31.0 -10.623 -8.648
768 31.0 -10.486 -8.512
780 31.0 -10.305 -8.330
792 31.0 -10.078 -8.012
804 31.0 -9.715 -7.649
816 31.0 -9.352 -7.150
828 31.0 -9.034 -6.650
840 31.0 -9.404 -7.557
852 31.0 -9.068 -6.686
864 31.0 -9.515 -7.007
876 31.0 -9.617 -6.765
888 31.0 -9.152 -6.921
900 31.0 -8.565 -6.615
912 31.0 -8.824 -6.391
924 31.0 -8.951 -6.733
936 31.0 -8.702 -5.997
948 31.0 -8.956 -6.312
960 31.0 -8.789 -6.354
972 31.0 -8.528 -6.070
756 27.0 7.853 18.204
768 27.0 7.922 18.204
780 27.0 7.490 18.204
792 27.0 7.104 18.204
804 27.0 6.650 18.204
816 27.0 6.287 18.204
828 27.0 5.765 18.204
840 27.0 5.175 18.204
852 27.0 5.907 17.725
864 27.0 5.808 17.824
876 27.0 5.499 17.503
888 27.0 5.336 18.193
900 27.0 5.086 18.314
912 27.0 5.520 18.192
924 27.0 4.190 18.482
936 27.0 4.516 18.451
948 27.0 3.778 18.731
960 27.0 3.456 18.343
972 27.0 3.718 18.784
984 27.0 3.173 19.651
780 30.0 -9.215 -8.489
792 30.0 -9.056 -8.171
804 30.0 -8.988 -7.831
816 30.0 -8.829 -7.331
828 30.0 -8.602 -7.173
840 30.0 -8.307 -6.991
852 30.0 -8.012 -6.673
864 30.0 -7.717 -6.333
876 30.0 -7.856 -6.448
888 30.0 -7.780 -6.359
900 30.0 -7.942 -6.802
912 30.0 -7.893 -6.213
924 30.0 -7.977 -5.678
936 30.0 -7.852 -5.495
948 30.0 -7.194 -5.396
960 30.0 -7.760 -5.447
972 30.0 -7.709 -5.209
984 30.0 -7.341 -4.589
996 30.0 -7.002 -4.222
1008 30.0 -7.710 -5.264
