0 0.0 -9.746 -14.063
12 0.0 -9.266 -13.845
24 0.0 -8.787 -13.562
36 0.0 -8.307 -13.365
48 0.0 -7.827 -13.060
60 0.0 -7.239 -12.755
72 0.0 -6.759 -12.581
84 0.0 -6.279 -12.275
96 0.0 -7.578 -12.549
108 0.0 -7.488 -12.597
120 0.0 -7.926 -12.808
132 0.0 -7.680 -12.633
144 0.0 -7.804 -12.946
156 0.0 -7.333 -13.191
168 0.0 -7.458 -13.538
180 0.0 -6.962 -13.401
192 0.0 -7.459 -13.844
204 0.0 -7.176 -13.521
216 0.0 -7.284 -13.661
228 0.0 -7.354 -12.947
0 1.0 -7.588 15.284
12 1.0 -7.217 15.415
24 1.0 -6.868 15.502
36 1.0 -6.388 15.698
48 1.0 -6.040 15.807
60 1.0 -5.560 15.982
72 1.0 -5.189 16.091
84 1.0 -4.819 16.200
96 1.0 -4.757 15.549
108 1.0 -5.261 15.485
120 1.0 -4.816 15.671
132 1.0 -4.490 15.848
144 1.0 -4.633 15.573
156 1.0 -4.028 15.589
168 1.0 -3.531 15.148
180 1.0 -3.743 15.323
192 1.0 -3.612 15.200
204 1.0 -4.050 15.099
216 1.0 -3.979 15.742
228 1.0 -4.802 15.540
0 3.0 28.148 19.558
12 3.0 28.148 19.558
24 3.0 28.148 19.558
36 3.0 28.148 19.558
48 3.0 28.148 19.558
60 3.0 28.148 19.558
72 3.0 28.148 19.558
84 3.0 28.148 19.558
96 3.0 28.230 19.541
108 3.0 28.212 19.455
120 3.0 28.249 19.436
132 3.0 28.187 19.573
144 3.0 28.216 19.635
156 3.0 28.139 19.670
168 3.0 28.150 19.650
180 3.0 28.143 19.598
192 3.0 28.114 19.555
204 3.0 28.167 19.562
216 3.0 28.174 19.581
228 3.0 28.247 19.504
0 5.0 27.123 20.735
12 5.0 27.123 20.735
24 5.0 27.123 20.735
36 5.0 27.123 20.735
48 5.0 27.123 20.735
60 5.0 27.123 20.735
72 5.0 27.123 20.735
84 5.0 27.123 20.735
96 5.0 27.132 20.797
108 5.0 27.191 20.783
120 5.0 27.134 20.701
132 5.0 27.196 20.740
144 5.0 27.221 20.764
156 5.0 27.285 20.778
168 5.0 27.249 20.726
180 5.0 27.233 20.778
192 5.0 27.234 20.648
204 5.0 27.285 20.656
216 5.0 27.294 20.571
228 5.0 27.256 20.598
0 7.0 27.254 21.629
12 7.0 27.254 21.629
24 7.0 27.254 21.629
36 7.0 27.254 21.629
48 7.0 27.254 21.629
60 7.0 27.254 21.629
72 7.0 27.254 21.629
84 7.0 27.254 21.629
96 7.0 27.190 21.606
108 7.0 27.235 21.607
120 7.0 27.199 21.579
132 7.0 27.254 21.591
144 7.0 27.197 21.658
156 7.0 27.188 21.685
168 7.0 27.179 21.565
180 7.0 27.200 21.605
192 7.0 27.192 21.639
204 7.0 27.269 21.638
216 7.0 27.264 21.600
228 7.0 27.321 21.570
0 9.0 11.338 21.367
12 9.0 11.817 21.476
24 9.0 12.406 21.585
36 9.0 12.908 21.673
48 9.0 13.475 21.782
60 9.0 14.085 21.869
72 9.0 14.565 21.978
84 9.0 15.175 22.065
96 9.0 14.119 21.632
108 9.0 14.263 21.550
120 9.0 14.199 21.033
132 9.0 14.591 20.696
144 9.0 15.007 21.051
156 9.0 15.184 21.147
168 9.0 15.803 21.038
180 9.0 15.909 20.712
192 9.0 16.156 21.096
204 9.0 16.217 20.854
216 9.0 16.543 20.568
228 9.0 16.472 21.334
240 2.0 0.589 17.857
252 2.0 0.938 18.075
264 2.0 1.417 18.162
276 2.0 1.766 18.249
288 2.0 2.137 18.380
300 2.0 2.507 18.555
312 2.0 2.856 18.664
324 2.0 3.205 18.860
336 2.0 2.880 17.682
348 2.0 3.462 17.622
360 2.0 3.367 17.921
372 2.0 3.662 17.976
384 2.0 5.039 17.401
396 2.0 4.356 18.319
408 2.0 4.795 17.502
420 2.0 4.927 17.635
432 2.0 4.389 18.096
444 2.0 5.196 18.131
456 2.0 4.554 17.809
468 2.0 3.384 17.452
240 4.0 28.148 19.558
252 4.0 28.148 19.558
264 4.0 28.148 19.558
276 4.0 28.148 19.558
288 4.0 28.148 19.558
300 4.0 28.148 19.558
312 4.0 28.148 19.558
324 4.0 28.148 19.558
336 4.0 28.220 19.630
348 4.0 28.190 19.627
360 4.0 28.193 19.562
372 4.0 28.194 19.579
384 4.0 28.207 19.667
396 4.0 28.262 19.692
408 4.0 28.293 19.693
420 4.0 28.298 19.683
432 4.0 28.353 19.625
444 4.0 28.369 19.610
456 4.0 28.382 19.683
468 4.0 28.345 19.693
240 6.0 27.123 20.735
252 6.0 27.123 20.735
264 6.0 27.123 20.735
276 6.0 27.123 20.735
288 6.0 27.123 20.735
300 6.0 27.123 20.735
312 6.0 27.123 20.735
324 6.0 27.123 20.735
336 6.0 27.141 20.731
348 6.0 27.169 20.702
360 6.0 27.126 20.705
372 6.0 27.096 20.682
384 6.0 27.144 20.653
396 6.0 27.158 20.592
408 6.0 27.157 20.714
420 6.0 27.179 20.685
432 6.0 27.185 20.700
444 6.0 27.205 20.735
456 6.0 27.194 20.656
468 6.0 27.187 20.703
240 8.0 27.254 21.629
252 8.0 27.254 21.629
264 8.0 27.254 21.629
276 8.0 27.254 21.629
288 8.0 27.254 21.629
300 8.0 27.254 21.629
312 8.0 27.254 21.629
324 8.0 27.254 21.629
336 8.0 27.292 21.569
348 8.0 27.273 21.583
360 8.0 27.269 21.609
372 8.0 27.290 21.578
384 8.0 27.250 21.548
396 8.0 27.212 21.491
408 8.0 27.176 21.540
420 8.0 27.197 21.566
432 8.0 27.254 21.571
444 8.0 27.197 21.556
456 8.0 27.158 21.557
468 8.0 27.161 21.602
