0 3.0 40.391 7.389
12 3.0 40.391 7.389
24 3.0 40.391 7.389
36 3.0 40.391 7.389
48 3.0 40.391 7.389
60 3.0 40.391 7.389
72 3.0 40.391 7.389
84 3.0 40.391 7.498
96 3.0 40.375 7.551
108 3.0 40.400 7.386
120 3.0 40.340 7.374
132 3.0 40.311 7.352
144 3.0 40.281 7.352
156 3.0 40.362 7.362
168 3.0 40.338 7.306
180 3.0 40.399 7.279
192 3.0 40.311 7.301
204 3.0 40.363 7.325
216 3.0 40.359 7.318
228 3.0 40.285 7.346
0 5.0 40.500 5.526
12 5.0 40.500 5.526
24 5.0 40.500 5.526
36 5.0 40.500 5.526
48 5.0 40.500 5.526
60 5.0 40.500 5.526
72 5.0 40.500 5.526
84 5.0 40.500 5.526
96 5.0 40.474 5.505
108 5.0 40.472 5.467
120 5.0 40.505 5.453
132 5.0 40.470 5.507
144 5.0 40.479 5.523
156 5.0 40.561 5.536
168 5.0 40.583 5.560
180 5.0 40.508 5.577
192 5.0 40.494 5.570
204 5.0 40.537 5.522
216 5.0 40.537 5.496
228 5.0 40.501 5.548
0 7.0 45.028 7.541
12 7.0 45.028 7.541
24 7.0 45.028 7.541
36 7.0 45.028 7.541
48 7.0 45.028 7.541
60 7.0 45.028 7.541
72 7.0 45.028 7.541
84 7.0 45.028 7.541
96 7.0 45.077 7.604
108 7.0 45.064 7.577
120 7.0 45.058 7.606
132 7.0 45.073 7.575
144 7.0 45.039 7.536
156 7.0 45.023 7.557
168 7.0 45.026 7.535
180 7.0 45.017 7.545
192 7.0 44.993 7.582
204 7.0 45.026 7.536
216 7.0 45.076 7.539
228 7.0 45.087 7.490
0 9.0 44.552 6.869
12 9.0 44.552 6.869
24 9.0 44.552 6.869
36 9.0 44.552 6.869
48 9.0 44.552 6.869
60 9.0 44.552 6.869
72 9.0 44.552 6.869
84 9.0 44.552 6.869
96 9.0 44.481 6.890
108 9.0 44.534 6.863
120 9.0 44.560 6.862
132 9.0 44.620 6.854
144 9.0 44.600 6.906
156 9.0 44.538 6.828
168 9.0 44.612 6.794
180 9.0 44.567 6.763
192 9.0 44.609 6.746
204 9.0 44.614 6.816
216 9.0 44.686 6.763
228 9.0 44.671 6.781
0 11.0 47.889 6.414
12 11.0 47.889 6.414
24 11.0 47.889 6.414
36 11.0 47.889 6.414
48 11.0 47.889 6.414
60 11.0 47.889 6.414
72 11.0 47.889 6.414
84 11.0 47.889 6.414
96 11.0 47.895 6.443
108 11.0 47.904 6.463
120 11.0 47.909 6.519
132 11.0 48.029 6.492
144 11.0 48.048 6.481
156 11.0 48.158 6.498
168 11.0 48.173 6.312
180 11.0 48.116 6.402
192 11.0 48.205 6.438
204 11.0 48.311 6.339
216 11.0 48.320 6.367
228 11.0 48.234 6.281
0 13.0 52.483 3.922
12 13.0 52.483 3.922
24 13.0 52.483 3.922
36 13.0 52.483 3.922
48 13.0 52.483 3.922
60 13.0 52.483 3.922
72 13.0 52.483 3.922
84 13.0 52.483 3.922
96 13.0 52.550 3.948
108 13.0 52.648 3.940
120 13.0 52.700 3.996
132 13.0 52.830 3.937
144 13.0 52.658 4.046
156 13.0 52.782 4.000
168 13.0 52.712 4.003
180 13.0 52.763 3.937
192 13.0 52.752 3.853
204 13.0 52.661 3.903
216 13.0 52.640 3.745
228 13.0 52.630 3.839
0 15.0 51.182 6.111
12 15.0 51.182 6.024
24 15.0 51.182 6.024
36 15.0 51.182 5.916
48 15.0 51.312 5.916
60 15.0 51.312 5.829
72 15.0 51.312 5.829
84 15.0 51.312 5.829
96 15.0 51.342 5.780
108 15.0 51.267 5.751
120 15.0 51.358 5.725
132 15.0 51.309 5.668
144 15.0 51.335 5.616
156 15.0 51.257 5.569
168 15.0 51.335 5.500
180 15.0 51.302 5.289
192 15.0 51.389 5.338
204 15.0 51.281 5.271
216 15.0 51.234 5.100
228 15.0 51.148 5.028
0 17.0 50.467 5.396
12 17.0 50.706 5.179
24 17.0 51.052 4.984
36 17.0 51.312 4.897
48 17.0 51.529 4.897
60 17.0 51.659 4.897
72 17.0 51.789 4.897
84 17.0 52.006 4.897
96 17.0 51.765 4.613
108 17.0 52.411 4.001
120 17.0 52.432 4.115
132 17.0 52.565 4.104
144 17.0 52.952 3.710
156 17.0 52.849 3.627
168 17.0 52.965 3.470
180 17.0 52.912 3.309
192 17.0 53.808 2.628
204 17.0 54.139 2.557
216 17.0 54.490 2.188
228 17.0 54.749 2.364
0 19.0 46.632 9.253
12 19.0 46.415 9.751
24 19.0 46.155 10.249
36 19.0 45.938 10.726
48 19.0 45.808 11.225
60 19.0 45.678 11.723
72 19.0 45.570 12.200
84 19.0 45.570 12.698
96 19.0 45.707 12.252
108 19.0 45.956 12.138
120 19.0 45.955 12.227
132 19.0 45.879 12.271
144 19.0 45.871 13.337
156 19.0 45.703 13.633
168 19.0 45.691 13.757
180 19.0 45.857 14.080
192 19.0 45.493 14.575
204 19.0 45.230 13.991
216 19.0 45.976 13.050
228 19.0 45.024 14.745
0 21.0 46.762 12.806
12 21.0 46.762 12.698
24 21.0 46.762 12.698
36 21.0 46.762 12.698
48 21.0 46.762 12.698
60 21.0 46.762 12.611
72 21.0 46.762 12.611
84 21.0 46.762 12.611
96 21.0 46.756 12.667
108 21.0 46.704 12.785
120 21.0 46.780 12.712
132 21.0 46.683 12.607
144 21.0 46.772 12.692
156 21.0 46.768 12.685
168 21.0 46.707 12.652
180 21.0 46.695 12.690
192 21.0 46.740 12.627
204 21.0 46.697 12.623
216 21.0 46.675 12.624
228 21.0 46.648 12.658
0 23.0 47.130 11.615
12 23.0 47.130 11.615
24 23.0 47.130 11.615
36 23.0 47.130 11.615
48 23.0 47.130 11.615
60 23.0 47.130 11.615
72 23.0 47.130 11.615
84 23.0 47.130 11.615
96 23.0 47.099 11.640
108 23.0 47.114 11.643
120 23.0 47.076 11.717
132 23.0 47.143 11.683
144 23.0 47.141 11.681
156 23.0 47.106 11.645
168 23.0 47.127 11.644
180 23.0 47.154 11.698
192 23.0 47.213 11.627
204 23.0 47.227 11.621
216 23.0 47.222 11.509
228 23.0 47.246 11.565
0 25.0 52.006 9.209
12 25.0 52.266 9.318
24 25.0 52.613 9.404
36 25.0 52.959 9.513
48 25.0 52.962 9.515
60 25.0 52.965 9.517
72 25.0 52.968 9.521
84 25.0 52.972 9.523
96 25.0 53.157 9.485
108 25.0 53.415 9.658
120 25.0 53.412 9.296
132 25.0 54.162 9.244
144 25.0 54.857 8.720
156 25.0 53.758 8.968
168 25.0 54.495 9.037
180 25.0 55.155 8.862
192 25.0 54.272 8.643
204 25.0 54.245 9.091
216 25.0 54.349 9.367
228 25.0 54.521 9.124
0 27.0 53.393 -1.950
12 27.0 53.393 -1.950
24 27.0 53.393 -1.950
36 27.0 53.393 -1.820
48 27.0 53.393 -1.820
60 27.0 53.436 -1.734
72 27.0 53.436 -1.734
84 27.0 53.501 -1.647
96 27.0 53.461 -1.736
108 27.0 53.407 -1.574
120 27.0 53.406 -1.574
132 27.0 53.515 -1.611
144 27.0 53.570 -1.746
156 27.0 53.514 -1.657
168 27.0 53.446 -1.823
180 27.0 53.436 -1.782
192 27.0 53.440 -1.767
204 27.0 53.493 -1.892
216 27.0 53.486 -1.864
228 27.0 53.529 -1.827
0 29.0 11.961 -22.124
12 29.0 12.221 -22.319
24 29.0 12.438 -22.471
36 29.0 12.698 -22.601
48 29.0 13.045 -22.774
60 29.0 13.305 -22.904
72 29.0 13.522 -23.056
84 29.0 13.653 -23.099
96 29.0 14.004 -23.207
108 29.0 13.981 -23.206
120 29.0 15.029 -23.848
132 29.0 14.843 -23.711
144 29.0 15.366 -24.065
156 29.0 16.605 -24.310
168 29.0 16.672 -24.496
180 29.0 16.531 -24.471
192 29.0 16.951 -24.208
204 29.0 18.072 -25.233
216 29.0 16.948 -24.684
228 29.0 19.017 -25.916
60 1.0 -13.391 -22.601
72 1.0 -11.355 -21.431
84 1.0 -9.318 -20.261
96 1.0 -7.302 -18.982
108 1.0 -5.287 -17.790
120 1.0 -3.380 -16.230
132 1.0 -1.560 -14.562
144 1.0 0.347 -12.980
156 1.0 -9.252 -19.850
168 1.0 -9.798 -20.135
180 1.0 -9.799 -20.394
192 1.0 -11.026 -20.633
204 1.0 -10.867 -20.336
216 1.0 -10.744 -19.795
228 1.0 -10.690 -20.148
240 1.0 -10.441 -19.751
252 1.0 -10.800 -20.013
264 1.0 -11.301 -20.288
276 1.0 -10.759 -19.671
288 1.0 -10.457 -19.414
240 4.0 40.391 7.693
252 4.0 40.391 7.693
264 4.0 40.391 7.693
276 4.0 40.391 7.693
288 4.0 40.391 7.693
300 4.0 40.391 7.693
312 4.0 40.391 7.693
324 4.0 40.391 7.693
336 4.0 40.385 7.744
348 4.0 40.343 7.732
360 4.0 40.295 7.652
372 4.0 40.256 7.654
384 4.0 40.231 7.631
396 4.0 40.326 7.626
408 4.0 40.299 7.560
420 4.0 40.314 7.652
432 4.0 40.339 7.677
444 4.0 40.259 7.672
456 4.0 40.394 7.629
468 4.0 40.348 7.647
240 6.0 40.500 5.526
252 6.0 40.500 5.526
264 6.0 40.500 5.526
276 6.0 40.500 5.526
288 6.0 40.500 5.526
300 6.0 40.500 5.526
312 6.0 40.500 5.526
324 6.0 40.500 5.526
336 6.0 40.508 5.523
348 6.0 40.554 5.565
360 6.0 40.526 5.478
372 6.0 40.512 5.537
384 6.0 40.560 5.459
396 6.0 40.570 5.396
408 6.0 40.612 5.402
420 6.0 40.573 5.430
432 6.0 40.536 5.480
444 6.0 40.488 5.539
456 6.0 40.476 5.658
468 6.0 40.492 5.557
240 8.0 45.028 7.541
252 8.0 45.028 7.541
264 8.0 45.028 7.541
276 8.0 45.028 7.541
288 8.0 45.028 7.541
300 8.0 45.028 7.541
312 8.0 45.028 7.541
324 8.0 45.028 7.541
336 8.0 45.018 7.465
348 8.0 44.995 7.481
360 8.0 45.047 7.484
372 8.0 45.052 7.490
384 8.0 45.091 7.437
396 8.0 45.092 7.457
408 8.0 45.068 7.481
420 8.0 45.072 7.435
432 8.0 45.077 7.411
444 8.0 45.166 7.421
456 8.0 45.149 7.428
468 8.0 45.215 7.513
240 10.0 44.552 6.869
252 10.0 44.552 6.869
264 10.0 44.552 6.869
276 10.0 44.552 6.869
288 10.0 44.552 6.869
300 10.0 44.552 6.869
312 10.0 44.552 6.869
324 10.0 44.552 6.869
336 10.0 44.543 6.943
348 10.0 44.530 6.869
360 10.0 44.537 6.830
372 10.0 44.536 6.783
384 10.0 44.569 6.823
396 10.0 44.522 6.789
408 10.0 44.480 6.864
420 10.0 44.492 6.810
432 10.0 44.515 6.849
444 10.0 44.552 6.828
456 10.0 44.564 6.859
468 10.0 44.574 6.829
240 12.0 47.889 6.414
252 12.0 47.889 6.414
264 12.0 47.889 6.414
276 12.0 47.889 6.414
288 12.0 47.889 6.414
300 12.0 47.889 6.414
312 12.0 47.889 6.414
324 12.0 47.889 6.414
336 12.0 47.902 6.374
348 12.0 47.888 6.398
360 12.0 47.951 6.474
372 12.0 47.885 6.467
384 12.0 47.893 6.469
396 12.0 47.958 6.495
408 12.0 47.969 6.439
420 12.0 48.023 6.397
432 12.0 47.984 6.324
444 12.0 47.944 6.293
456 12.0 47.943 6.326
468 12.0 47.946 6.313
240 14.0 52.483 3.922
252 14.0 52.483 3.922
264 14.0 52.483 3.922
276 14.0 52.483 3.922
288 14.0 52.483 3.922
300 14.0 52.483 3.922
312 14.0 52.483 3.922
324 14.0 52.483 3.922
336 14.0 52.461 3.932
348 14.0 52.462 3.926
360 14.0 52.334 3.919
372 14.0 52.463 3.872
384 14.0 52.416 3.893
396 14.0 52.377 3.882
408 14.0 52.340 3.908
420 14.0 52.358 3.865
432 14.0 52.300 3.874
444 14.0 52.350 3.878
456 14.0 52.361 3.890
468 14.0 52.391 3.888
240 16.0 51.659 5.526
252 16.0 51.659 5.526
264 16.0 51.659 5.526
276 16.0 51.659 5.526
288 16.0 51.659 5.526
300 16.0 51.659 5.526
312 16.0 51.659 5.526
324 16.0 51.659 5.526
336 16.0 51.665 5.517
348 16.0 51.577 5.514
360 16.0 51.566 5.471
372 16.0 51.603 5.482
384 16.0 51.586 5.466
396 16.0 51.639 5.475
408 16.0 51.601 5.487
420 16.0 51.591 5.494
432 16.0 51.625 5.491
444 16.0 51.597 5.492
456 16.0 51.611 5.477
468 16.0 51.576 5.445
240 18.0 53.089 5.396
252 18.0 53.089 5.396
264 18.0 52.959 5.396
276 18.0 52.851 5.396
288 18.0 52.851 5.287
300 18.0 52.743 5.287
312 18.0 52.613 5.287
324 18.0 52.483 5.287
336 18.0 52.538 5.086
348 18.0 52.534 5.372
360 18.0 52.523 5.276
372 18.0 52.424 5.413
384 18.0 52.353 5.364
396 18.0 52.785 5.371
408 18.0 52.711 5.413
420 18.0 52.621 5.324
432 18.0 52.380 5.445
444 18.0 52.657 5.476
456 18.0 52.549 5.475
468 18.0 52.519 5.552
240 20.0 46.153 18.568
252 20.0 46.132 18.283
264 20.0 46.111 17.998
276 20.0 46.090 17.713
288 20.0 46.068 17.428
300 20.0 46.047 17.142
312 20.0 46.026 16.857
324 20.0 46.004 16.572
336 20.0 46.063 16.266
348 20.0 46.102 15.960
360 20.0 46.211 16.158
372 20.0 45.900 14.799
384 20.0 45.864 14.256
396 20.0 45.968 14.657
408 20.0 46.190 13.669
420 20.0 45.909 13.503
432 20.0 45.913 12.286
444 20.0 45.787 11.529
456 20.0 45.728 10.859
468 20.0 45.773 11.075
240 22.0 46.892 12.308
252 22.0 46.892 12.308
264 22.0 46.892 12.308
276 22.0 46.892 12.200
288 22.0 46.892 12.200
300 22.0 46.892 12.200
312 22.0 46.892 12.200
324 22.0 46.892 12.200
336 22.0 46.916 12.173
348 22.0 46.925 12.121
360 22.0 46.899 12.156
372 22.0 46.855 12.214
384 22.0 46.859 12.197
396 22.0 46.907 12.209
408 22.0 46.858 12.229
420 22.0 46.930 12.224
432 22.0 46.892 12.162
444 22.0 46.961 12.154
456 22.0 46.921 12.173
468 22.0 46.965 12.197
240 24.0 47.130 11.615
252 24.0 47.130 11.615
264 24.0 47.130 11.615
276 24.0 47.130 11.615
288 24.0 47.130 11.615
300 24.0 47.130 11.615
312 24.0 47.130 11.615
324 24.0 47.130 11.615
336 24.0 47.125 11.586
348 24.0 47.105 11.518
360 24.0 47.087 11.601
372 24.0 47.091 11.613
384 24.0 47.018 11.585
396 24.0 46.996 11.620
408 24.0 47.001 11.598
420 24.0 46.949 11.638
432 24.0 46.985 11.601
444 24.0 46.996 11.583
456 24.0 46.972 11.612
468 24.0 46.918 11.610
240 26.0 53.015 9.559
252 26.0 53.018 9.562
264 26.0 53.022 9.565
276 26.0 53.025 9.567
288 26.0 53.028 9.570
300 26.0 53.032 9.573
312 26.0 53.035 9.576
324 26.0 53.038 9.579
336 26.0 53.001 9.602
348 26.0 53.040 9.615
360 26.0 53.126 9.507
372 26.0 53.118 9.537
384 26.0 53.121 9.605
396 26.0 53.169 9.615
408 26.0 53.250 9.575
420 26.0 53.292 9.456
432 26.0 53.337 9.478
444 26.0 53.217 9.606
456 26.0 53.246 9.609
468 26.0 53.291 9.574
240 28.0 53.804 -1.040
252 28.0 53.848 -0.953
264 28.0 53.848 -0.953
276 28.0 53.848 -0.867
288 28.0 53.848 -0.867
300 28.0 53.978 -0.737
312 28.0 53.978 -0.737
324 28.0 53.978 -0.650
336 28.0 53.927 -0.294
348 28.0 54.037 -0.559
360 28.0 54.068 -0.486
372 28.0 54.206 -0.390
384 28.0 54.428 -0.195
396 28.0 54.475 -0.287
408 28.0 54.521 -0.078
420 28.0 54.626 -0.135
432 28.0 54.539 -0.412
444 28.0 54.609 -0.406
456 28.0 54.311 -0.079
468 28.0 54.335 -0.170
240 30.0 13.700 -23.099
252 30.0 13.704 -23.099
264 30.0 13.707 -23.099
276 30.0 13.711 -23.099
288 30.0 13.715 -23.099
300 30.0 13.719 -23.099
312 30.0 13.722 -23.099
324 30.0 13.726 -23.099
336 30.0 13.746 -23.094
348 30.0 13.747 -23.114
360 30.0 13.758 -23.040
372 30.0 13.760 -23.142
384 30.0 13.753 -23.208
396 30.0 13.799 -23.160
408 30.0 13.830 -23.102
420 30.0 13.730 -23.137
432 30.0 13.783 -23.129
444 30.0 13.755 -23.212
456 30.0 13.712 -23.177
468 30.0 13.676 -23.122
276 0.0 -16.967 -22.861
288 0.0 -15.233 -22.861
300 0.0 -13.457 -22.861
312 0.0 -11.680 -22.861
324 0.0 -9.859 -22.753
336 0.0 -7.823 -22.666
348 0.0 -5.829 -22.666
360 0.0 -3.792 -22.558
372 0.0 -11.754 -23.161
384 0.0 -13.098 -22.743
396 0.0 -12.273 -23.521
408 0.0 -12.705 -23.090
420 0.0 -11.900 -22.679
432 0.0 -10.358 -23.609
444 0.0 -12.860 -23.132
456 0.0 -15.420 -21.640
468 0.0 -13.325 -22.159
480 0.0 -14.545 -22.095
492 0.0 -11.462 -22.509
504 0.0 -12.630 -23.119
