0 1.0 20.467 11.255
12 1.0 20.334 11.255
24 1.0 20.334 11.255
36 1.0 20.201 11.255
48 1.0 20.201 11.255
60 1.0 20.090 11.255
72 1.0 19.979 11.255
84 1.0 19.979 11.255
96 1.0 19.922 11.265
108 1.0 20.066 11.157
120 1.0 20.178 11.172
132 1.0 20.403 11.203
144 1.0 20.456 11.143
156 1.0 20.517 11.181
168 1.0 20.488 11.191
180 1.0 20.463 11.119
192 1.0 20.508 11.165
204 1.0 20.519 11.162
216 1.0 20.503 11.075
228 1.0 20.499 11.075
0 3.0 -25.906 13.519
12 3.0 -23.486 13.807
24 3.0 -21.310 14.429
36 3.0 -18.735 14.829
48 3.0 -16.538 15.517
60 3.0 -14.340 16.227
72 3.0 -12.120 17.337
84 3.0 -9.923 18.536
96 3.0 -21.704 13.551
108 3.0 -22.474 14.070
120 3.0 -22.510 13.909
132 3.0 -21.574 13.616
144 3.0 -21.099 13.430
156 3.0 -21.428 13.162
168 3.0 -21.020 13.779
180 3.0 -23.020 14.107
192 3.0 -20.636 12.849
204 3.0 -20.319 14.131
216 3.0 -20.348 13.629
228 3.0 -23.699 15.167
0 5.0 5.372 11.565
12 5.0 2.908 11.255
24 5.0 1.066 11.166
36 5.0 -0.755 11.033
48 5.0 -2.575 10.855
60 5.0 -4.440 10.744
72 5.0 -6.260 10.744
84 5.0 -8.080 10.633
96 5.0 2.837 9.268
108 5.0 -0.904 12.393
120 5.0 -1.276 12.225
132 5.0 -0.516 14.166
144 5.0 -0.699 10.433
156 5.0 -0.600 12.350
168 5.0 0.023 10.672
180 5.0 -1.406 15.471
192 5.0 -1.110 13.338
204 5.0 -0.073 11.986
216 5.0 1.205 12.052
228 5.0 -0.286 12.480
0 7.0 12.143 16.782
12 7.0 12.387 16.582
24 7.0 12.764 16.382
36 7.0 12.986 16.294
48 7.0 13.363 16.072
60 7.0 13.608 15.983
72 7.0 13.985 15.783
84 7.0 14.340 15.672
96 7.0 14.286 15.621
108 7.0 14.433 15.414
120 7.0 15.312 14.928
132 7.0 15.334 14.752
144 7.0 16.000 14.165
156 7.0 16.236 14.015
168 7.0 15.754 14.198
180 7.0 16.273 13.517
192 7.0 16.181 13.276
204 7.0 16.284 13.730
216 7.0 17.639 12.894
228 7.0 16.217 14.242
0 9.0 12.098 4.706
12 9.0 13.075 5.217
24 9.0 14.163 5.705
36 9.0 15.250 6.216
48 9.0 16.360 6.815
60 9.0 17.470 7.325
72 9.0 18.558 7.836
84 9.0 19.646 8.324
96 9.0 15.500 5.917
108 9.0 14.301 6.133
120 9.0 14.929 6.508
132 9.0 14.814 6.284
144 9.0 15.160 6.214
156 9.0 15.346 6.117
168 9.0 15.667 5.532
180 9.0 15.195 5.368
192 9.0 15.588 5.207
204 9.0 15.854 5.359
216 9.0 15.577 5.833
228 9.0 15.997 5.114
192 0.0 -30.478 13.608
204 0.0 -28.747 13.918
216 0.0 -27.060 14.207
228 0.0 -25.328 14.518
240 0.0 -23.508 14.829
252 0.0 -21.777 15.228
264 0.0 -19.823 15.428
276 0.0 -17.870 15.539
288 0.0 -25.921 13.509
300 0.0 -25.667 13.488
312 0.0 -26.699 13.795
324 0.0 -25.723 13.508
336 0.0 -24.750 13.414
348 0.0 -24.987 13.145
360 0.0 -25.712 12.688
372 0.0 -25.649 13.096
384 0.0 -26.668 13.579
396 0.0 -26.111 14.144
408 0.0 -26.461 14.351
420 0.0 -25.711 13.776
240 2.0 19.601 11.055
252 2.0 19.601 11.055
264 2.0 19.601 11.144
276 2.0 19.601 11.144
288 2.0 19.490 11.144
300 2.0 19.490 11.144
312 2.0 19.490 11.255
324 2.0 19.490 11.255
336 2.0 19.476 11.152
348 2.0 19.392 11.102
360 2.0 19.470 11.153
372 2.0 19.526 11.104
384 2.0 19.504 11.061
396 2.0 19.439 11.017
408 2.0 19.424 11.038
420 2.0 19.427 11.045
432 2.0 19.459 11.016
444 2.0 19.520 10.987
456 2.0 19.527 11.016
468 2.0 19.541 10.925
240 4.0 -6.435 21.047
252 4.0 -6.767 20.840
264 4.0 -7.099 20.633
276 4.0 -7.431 20.427
288 4.0 -7.763 20.220
300 4.0 -8.095 20.013
312 4.0 -8.427 19.806
324 4.0 -8.759 19.599
336 4.0 -9.094 19.502
348 4.0 -8.417 19.670
360 4.0 -8.164 19.021
372 4.0 -9.217 19.602
384 4.0 -8.679 19.532
396 4.0 -8.451 19.082
408 4.0 -8.446 19.075
420 4.0 -9.497 20.116
432 4.0 -8.622 20.193
444 4.0 -8.005 19.576
456 4.0 -8.811 19.237
468 4.0 -8.445 19.667
240 6.0 -29.259 8.520
252 6.0 -27.797 8.646
264 6.0 -26.335 8.772
276 6.0 -24.873 8.899
288 6.0 -23.410 9.025
300 6.0 -21.948 9.152
312 6.0 -20.486 9.278
324 6.0 -19.024 9.405
336 6.0 -25.025 8.581
348 6.0 -26.163 8.354
360 6.0 -25.791 8.194
372 6.0 -25.775 9.087
384 6.0 -25.010 8.221
396 6.0 -25.256 8.595
408 6.0 -25.225 8.845
420 6.0 -25.236 8.957
432 6.0 -25.648 8.139
444 6.0 -25.160 9.183
456 6.0 -24.913 8.866
468 6.0 -24.234 8.210
240 8.0 19.246 13.452
252 8.0 19.601 13.363
264 8.0 19.956 13.164
276 8.0 20.445 13.053
288 8.0 20.822 12.964
300 8.0 21.310 12.875
312 8.0 21.799 12.764
324 8.0 22.287 12.653
336 8.0 22.971 12.479
348 8.0 22.586 12.673
360 8.0 22.855 12.469
372 8.0 21.920 12.490
384 8.0 21.995 12.415
396 8.0 23.360 12.122
408 8.0 23.876 11.802
420 8.0 24.639 11.105
432 8.0 23.492 11.875
444 8.0 25.231 10.838
456 8.0 23.918 11.387
468 8.0 24.349 11.374
240 10.0 34.829 13.252
252 10.0 36.161 13.474
264 10.0 37.515 13.763
276 10.0 38.736 14.052
288 10.0 40.068 14.362
300 10.0 41.444 14.673
312 10.0 42.776 14.873
324 10.0 44.241 15.073
336 10.0 38.508 14.138
348 10.0 38.205 13.851
360 10.0 39.543 13.268
372 10.0 38.934 13.368
384 10.0 38.523 13.566
396 10.0 37.520 13.707
408 10.0 37.781 13.149
420 10.0 38.991 13.033
432 10.0 38.727 13.266
444 10.0 39.082 13.184
456 10.0 38.448 12.659
468 10.0 39.446 13.469
276 11.0 54.386 -21.310
288 11.0 53.720 -21.111
300 11.0 53.720 -20.711
312 11.0 53.720 -20.289
324 11.0 53.587 -19.801
336 11.0 53.587 -19.401
348 11.0 53.587 -18.980
360 11.0 53.587 -18.580
372 11.0 53.393 -18.046
384 11.0 53.682 -18.226
396 11.0 52.953 -18.220
408 11.0 53.370 -18.789
420 11.0 53.189 -18.587
432 11.0 53.186 -17.677
444 11.0 52.906 -17.747
456 11.0 53.519 -17.875
468 11.0 52.949 -16.975
480 11.0 52.749 -17.224
492 11.0 52.751 -16.933
504 11.0 52.629 -17.376
