0 1.0 10.292 13.907
12 1.0 10.803 14.014
24 1.0 11.398 14.205
36 1.0 11.994 14.396
48 1.0 12.568 14.545
60 1.0 13.163 14.715
72 1.0 13.737 14.864
84 1.0 14.333 15.077
96 1.0 12.987 14.359
108 1.0 13.297 13.798
120 1.0 12.722 14.352
132 1.0 13.711 14.082
144 1.0 13.616 14.751
156 1.0 13.708 13.715
168 1.0 13.555 14.123
180 1.0 14.327 14.499
192 1.0 14.040 14.518
204 1.0 13.224 14.417
216 1.0 13.972 13.792
228 1.0 14.114 13.442
0 3.0 35.938 22.201
12 3.0 35.470 22.094
24 3.0 35.002 22.009
36 3.0 34.535 21.924
48 3.0 34.194 21.797
60 3.0 33.726 21.712
72 3.0 33.259 21.627
84 3.0 32.833 21.542
96 3.0 33.564 22.367
108 3.0 32.945 22.413
120 3.0 33.133 21.934
132 3.0 32.626 23.049
144 3.0 32.608 22.566
156 3.0 32.400 23.557
168 3.0 32.304 23.434
180 3.0 31.968 23.855
192 3.0 31.290 23.479
204 3.0 30.470 24.385
216 3.0 30.342 24.295
228 3.0 29.868 25.003
0 5.0 32.663 15.119
12 5.0 32.195 14.630
24 5.0 31.728 14.248
36 5.0 31.260 13.865
48 5.0 30.898 13.461
60 5.0 30.430 13.078
72 5.0 29.963 12.695
84 5.0 29.601 12.227
96 5.0 30.737 12.973
108 5.0 30.818 12.747
120 5.0 31.432 12.528
132 5.0 31.911 11.950
144 5.0 31.660 10.892
156 5.0 32.286 10.832
168 5.0 32.175 10.879
180 5.0 32.508 10.297
192 5.0 32.522 9.556
204 5.0 32.435 8.385
216 5.0 32.388 7.851
228 5.0 32.392 7.462
0 7.0 41.680 13.673
12 7.0 40.978 13.269
24 7.0 40.276 12.887
36 7.0 39.681 12.610
48 7.0 38.979 12.227
60 7.0 38.341 11.930
72 7.0 37.682 11.547
84 7.0 37.044 11.271
96 7.0 38.793 12.230
108 7.0 38.714 12.699
120 7.0 38.889 12.649
132 7.0 37.698 13.153
144 7.0 39.536 12.115
156 7.0 37.766 13.363
168 7.0 38.776 12.220
180 7.0 37.250 12.501
192 7.0 38.103 13.495
204 7.0 37.797 13.824
216 7.0 36.771 13.204
228 7.0 35.839 15.026
0 9.0 10.866 -16.693
12 9.0 11.334 -16.587
24 9.0 11.930 -16.502
36 9.0 12.504 -16.417
48 9.0 13.099 -16.310
60 9.0 13.673 -16.119
72 9.0 14.141 -16.034
84 9.0 14.737 -15.928
96 9.0 14.496 -16.993
108 9.0 14.576 -16.788
120 9.0 14.465 -16.651
132 9.0 14.334 -17.225
144 9.0 15.001 -17.196
156 9.0 14.871 -17.298
168 9.0 14.829 -16.981
180 9.0 15.500 -16.201
192 9.0 15.660 -16.371
204 9.0 15.444 -15.966
216 9.0 15.468 -16.329
228 9.0 14.396 -15.848
0 11.0 -25.731 13.907
12 11.0 -25.263 13.716
24 11.0 -24.753 13.610
36 11.0 -24.285 13.525
48 11.0 -23.753 13.440
60 11.0 -23.221 13.291
72 11.0 -22.690 13.184
84 11.0 -22.222 13.078
96 11.0 -22.191 12.410
108 11.0 -21.484 12.246
120 11.0 -20.706 11.615
132 11.0 -21.419 12.090
144 11.0 -21.275 11.789
156 11.0 -20.095 11.439
168 11.0 -21.767 12.064
180 11.0 -20.900 11.428
192 11.0 -18.727 10.134
204 11.0 -18.668 10.421
216 11.0 -20.257 10.917
228 11.0 -20.243 10.340
0 13.0 -26.092 5.338
12 13.0 -25.965 5.146
24 13.0 -25.731 4.934
36 13.0 -25.497 4.763
48 13.0 -25.263 4.551
60 13.0 -25.029 4.466
72 13.0 -24.923 4.551
84 13.0 -24.689 4.657
96 13.0 -24.952 4.271
108 13.0 -24.553 4.148
120 13.0 -24.401 4.537
132 13.0 -23.754 4.120
144 13.0 -24.539 4.410
156 13.0 -24.766 4.437
168 13.0 -23.096 3.950
180 13.0 -24.290 3.899
192 13.0 -23.561 3.469
204 13.0 -23.362 3.112
216 13.0 -23.265 3.274
228 13.0 -22.902 3.314
0 15.0 -20.797 11.079
12 15.0 -20.585 11.079
24 15.0 -20.329 11.164
36 15.0 -20.117 11.249
48 15.0 -19.862 11.356
60 15.0 -19.649 11.462
72 15.0 -19.394 11.547
84 15.0 -19.181 11.632
96 15.0 -18.861 11.186
108 15.0 -18.654 11.035
120 15.0 -19.344 11.434
132 15.0 -19.289 10.734
144 15.0 -18.474 10.843
156 15.0 -18.927 10.649
168 15.0 -18.548 10.350
180 15.0 -18.271 10.892
192 15.0 -18.212 10.401
204 15.0 -18.034 10.214
216 15.0 -17.175 10.203
228 15.0 -15.931 9.903
0 17.0 -23.115 -1.744
12 17.0 -23.200 -1.744
24 17.0 -23.200 -1.744
36 17.0 -23.200 -1.744
48 17.0 -23.200 -1.744
60 17.0 -23.200 -1.744
72 17.0 -23.200 -1.744
84 17.0 -23.200 -1.744
96 17.0 -23.255 -1.693
108 17.0 -23.227 -1.782
120 17.0 -23.137 -1.796
132 17.0 -23.185 -1.712
144 17.0 -23.201 -1.772
156 17.0 -23.251 -1.738
168 17.0 -23.272 -1.729
180 17.0 -23.212 -1.623
192 17.0 -23.228 -1.727
204 17.0 -23.166 -1.724
216 17.0 -23.169 -1.678
228 17.0 -23.132 -1.653
0 19.0 -7.507 -22.711
12 19.0 -7.166 -22.626
24 19.0 -6.699 -22.541
36 19.0 -6.231 -22.435
48 19.0 -5.827 -22.286
60 19.0 -5.359 -22.137
72 19.0 -4.955 -22.052
84 19.0 -4.529 -21.903
96 19.0 -5.230 -22.312
108 19.0 -5.275 -22.542
120 19.0 -4.727 -23.177
132 19.0 -4.117 -22.757
144 19.0 -3.718 -23.403
156 19.0 -4.415 -22.456
168 19.0 -4.380 -22.653
180 19.0 -3.682 -22.712
192 19.0 -3.502 -22.875
204 19.0 -3.927 -22.406
216 19.0 -3.863 -22.419
228 19.0 -3.459 -22.555
240 2.0 21.116 17.055
252 2.0 21.712 17.225
264 2.0 22.286 17.437
276 2.0 22.881 17.522
288 2.0 23.583 17.714
300 2.0 24.051 18.012
312 2.0 24.625 18.203
324 2.0 25.093 18.501
336 2.0 24.584 17.300
348 2.0 24.567 17.507
360 2.0 25.039 16.897
372 2.0 25.324 16.992
384 2.0 24.431 16.777
396 2.0 25.125 16.826
408 2.0 25.966 16.456
420 2.0 25.275 16.269
432 2.0 26.424 16.241
444 2.0 26.865 16.107
456 2.0 26.865 16.635
468 2.0 25.737 16.609
240 4.0 26.858 20.648
252 4.0 26.390 20.648
264 4.0 25.795 20.563
276 4.0 25.327 20.563
288 4.0 24.859 20.478
300 4.0 24.391 20.478
312 4.0 23.817 20.351
324 4.0 23.349 20.266
336 4.0 23.437 20.944
348 4.0 22.866 21.311
360 4.0 23.544 20.534
372 4.0 23.179 21.369
384 4.0 22.712 21.590
396 4.0 22.036 21.736
408 4.0 22.080 21.040
420 4.0 23.029 21.393
432 4.0 21.102 22.869
444 4.0 21.227 21.856
456 4.0 21.169 23.069
468 4.0 20.883 23.125
240 6.0 23.859 7.400
252 6.0 23.392 7.017
264 6.0 22.924 6.741
276 6.0 22.456 6.358
288 6.0 21.988 6.061
300 6.0 21.520 5.678
312 6.0 21.052 5.295
324 6.0 20.585 4.997
336 6.0 21.955 5.220
348 6.0 22.422 4.764
360 6.0 22.567 5.002
372 6.0 22.292 4.798
384 6.0 23.080 3.048
396 6.0 22.527 2.222
408 6.0 22.841 2.711
420 6.0 22.872 1.263
432 6.0 22.679 1.979
444 6.0 22.991 0.675
456 6.0 21.157 -0.414
468 6.0 21.642 0.811
240 8.0 29.197 6.146
252 8.0 28.623 5.763
264 8.0 28.027 5.274
276 8.0 27.453 4.891
288 8.0 26.858 4.508
300 8.0 26.156 4.125
312 8.0 25.582 3.658
324 8.0 24.986 3.254
336 8.0 26.420 4.555
348 8.0 26.755 4.901
360 8.0 26.554 5.158
372 8.0 26.115 5.625
384 8.0 25.463 4.905
396 8.0 26.983 5.612
408 8.0 25.485 6.297
420 8.0 25.081 6.451
432 8.0 24.651 6.676
444 8.0 24.296 6.586
456 8.0 21.857 6.811
468 8.0 24.775 5.189
240 10.0 21.542 -14.758
252 10.0 22.116 -14.673
264 10.0 22.584 -14.588
276 10.0 23.051 -14.588
288 10.0 23.519 -14.482
300 10.0 24.093 -14.375
312 10.0 24.561 -14.375
324 10.0 25.050 -14.290
336 10.0 24.707 -14.215
348 10.0 24.650 -15.236
360 10.0 24.944 -15.043
372 10.0 24.889 -14.636
384 10.0 24.419 -14.825
396 10.0 24.148 -14.931
408 10.0 24.992 -14.789
420 10.0 24.338 -14.623
432 10.0 25.598 -14.630
444 10.0 25.956 -14.620
456 10.0 26.125 -14.760
468 10.0 25.586 -15.162
240 12.0 -19.543 14.248
252 12.0 -19.415 14.248
264 12.0 -19.075 14.354
276 12.0 -18.820 14.354
288 12.0 -18.479 14.439
300 12.0 -18.224 14.439
312 12.0 -17.884 14.524
324 12.0 -17.671 14.524
336 12.0 -17.706 14.049
348 12.0 -17.253 14.093
360 12.0 -17.247 14.187
372 12.0 -16.829 14.289
384 12.0 -16.711 14.268
396 12.0 -16.528 14.099
408 12.0 -16.389 13.672
420 12.0 -16.373 14.341
432 12.0 -16.282 13.941
444 12.0 -15.858 13.905
456 12.0 -16.447 14.988
468 12.0 -15.456 13.943
240 14.0 -21.520 6.592
252 14.0 -21.159 6.677
264 14.0 -20.819 6.869
276 14.0 -20.457 6.975
288 14.0 -20.117 7.166
300 14.0 -19.755 7.251
312 14.0 -19.415 7.443
324 14.0 -19.054 7.655
336 14.0 -19.557 7.208
348 14.0 -19.502 7.397
360 14.0 -19.312 6.707
372 14.0 -18.784 6.801
384 14.0 -18.932 6.233
396 14.0 -18.131 6.509
408 14.0 -17.604 6.537
420 14.0 -16.876 6.120
432 14.0 -19.082 6.185
444 14.0 -18.509 6.276
456 14.0 -17.537 6.181
468 14.0 -16.773 5.733
240 16.0 -15.906 12.695
252 16.0 -15.524 12.695
264 16.0 -15.311 12.695
276 16.0 -15.056 12.695
288 16.0 -14.843 12.802
300 16.0 -14.503 12.802
312 16.0 -14.248 12.802
324 16.0 -14.035 12.802
336 16.0 -13.758 12.123
348 16.0 -14.018 12.643
360 16.0 -13.315 12.263
372 16.0 -13.106 12.372
384 16.0 -13.730 12.229
396 16.0 -13.770 12.010
408 16.0 -13.319 11.618
420 16.0 -12.728 11.598
432 16.0 -13.008 11.548
444 16.0 -12.666 11.277
456 16.0 -11.740 10.826
468 16.0 -12.293 11.186
240 18.0 -23.392 -1.616
252 18.0 -23.392 -1.616
264 18.0 -23.392 -1.616
276 18.0 -23.392 -1.510
288 18.0 -23.392 -1.510
300 18.0 -23.392 -1.510
312 18.0 -23.392 -1.510
324 18.0 -23.392 -1.510
336 18.0 -23.381 -1.491
348 18.0 -23.447 -1.529
360 18.0 -23.541 -1.525
372 18.0 -23.530 -1.486
384 18.0 -23.474 -1.558
396 18.0 -23.513 -1.586
408 18.0 -23.578 -1.567
420 18.0 -23.487 -1.588
432 18.0 -23.526 -1.578
444 18.0 -23.503 -1.596
456 18.0 -23.540 -1.531
468 18.0 -23.484 -1.559
240 20.0 0.510 -20.457
252 20.0 0.851 -20.351
264 20.0 1.212 -20.181
276 20.0 1.552 -19.968
288 20.0 1.914 -19.777
300 20.0 2.148 -19.585
312 20.0 2.488 -19.394
324 20.0 2.850 -19.287
336 20.0 2.675 -19.188
348 20.0 2.354 -19.134
360 20.0 2.749 -19.453
372 20.0 2.538 -18.989
384 20.0 2.156 -18.944
396 20.0 2.292 -19.517
408 20.0 2.500 -19.491
420 20.0 2.976 -19.805
432 20.0 2.815 -20.063
444 20.0 3.133 -20.339
456 20.0 3.330 -20.496
468 20.0 2.934 -20.139
